Truck Capacity:	836


Travel_Time_Matrix (Suppliers, Distribution_Centers, Customers)
0	48	108	62	57	121	54	2147483647	2147483647	2147483647	2147483647	2147483647	2147483647	2147483647	2147483647	2147483647	2147483647	2147483647	2147483647	2147483647	2147483647	2147483647	2147483647	2147483647	2147483647	2147483647	2147483647	2147483647	2147483647	2147483647	2147483647	2147483647	
48	0	90	61	41	105	46	2147483647	2147483647	2147483647	2147483647	2147483647	2147483647	2147483647	2147483647	2147483647	2147483647	2147483647	2147483647	2147483647	2147483647	2147483647	2147483647	2147483647	2147483647	2147483647	2147483647	2147483647	2147483647	2147483647	2147483647	2147483647	
108	90	0	97	82	55	96	2147483647	2147483647	2147483647	2147483647	2147483647	2147483647	2147483647	2147483647	2147483647	2147483647	2147483647	2147483647	2147483647	2147483647	2147483647	2147483647	2147483647	2147483647	2147483647	2147483647	2147483647	2147483647	2147483647	2147483647	2147483647	
62	61	97	0	57	101	76	2147483647	2147483647	2147483647	2147483647	2147483647	2147483647	2147483647	2147483647	2147483647	2147483647	2147483647	2147483647	2147483647	2147483647	2147483647	2147483647	2147483647	2147483647	2147483647	2147483647	2147483647	2147483647	2147483647	2147483647	2147483647	
57	41	82	57	0	95	54	2147483647	2147483647	2147483647	2147483647	2147483647	2147483647	2147483647	2147483647	2147483647	2147483647	2147483647	2147483647	2147483647	2147483647	2147483647	2147483647	2147483647	2147483647	2147483647	2147483647	2147483647	2147483647	2147483647	2147483647	2147483647	
91	75	25	71	65	0	2147483647	43	38	41	40	47	35	37	33	47	49	35	50	48	40	54	36	52	40	58	64	54	62	65	65	61	
24	16	66	46	24	2147483647	0	48	50	51	48	45	55	53	56	49	45	57	48	51	55	46	61	50	58	74	60	68	75	64	70	68	
2147483647	2147483647	2147483647	2147483647	2147483647	73	78	0	58	33	59	35	61	62	61	37	38	64	40	40	68	44	70	44	71	65	91	90	68	95	67	94	
2147483647	2147483647	2147483647	2147483647	2147483647	68	80	58	0	59	33	61	35	34	36	65	64	38	67	68	40	70	44	71	44	91	65	62	95	68	94	67	
2147483647	2147483647	2147483647	2147483647	2147483647	71	81	33	59	0	60	37	62	63	62	37	39	64	40	40	69	45	71	44	72	63	93	91	67	96	66	95	
2147483647	2147483647	2147483647	2147483647	2147483647	70	78	59	33	60	0	62	37	35	38	66	64	39	68	69	40	71	45	72	44	93	63	62	96	67	95	66	
2147483647	2147483647	2147483647	2147483647	2147483647	77	75	35	61	37	62	0	65	65	65	35	33	68	36	38	71	40	74	41	75	64	94	93	67	97	65	97	
2147483647	2147483647	2147483647	2147483647	2147483647	65	85	61	35	62	37	65	0	33	32	68	68	33	70	71	38	74	40	75	41	94	64	59	97	67	97	65	
2147483647	2147483647	2147483647	2147483647	2147483647	67	83	62	34	63	35	65	33	0	34	69	68	34	71	71	36	74	40	75	40	95	62	58	98	65	98	64	
2147483647	2147483647	2147483647	2147483647	2147483647	63	86	61	36	62	38	65	32	34	0	68	67	33	70	71	39	74	40	74	41	93	65	60	97	68	97	66	
2147483647	2147483647	2147483647	2147483647	2147483647	77	79	37	65	37	66	35	68	69	68	0	34	71	33	33	74	38	77	37	78	59	98	96	62	101	61	101	
2147483647	2147483647	2147483647	2147483647	2147483647	79	75	38	64	39	64	33	68	68	67	34	0	70	34	36	73	37	77	38	77	62	96	95	65	100	63	100	
2147483647	2147483647	2147483647	2147483647	2147483647	65	87	64	38	64	39	68	33	34	33	71	70	0	73	73	36	77	37	77	38	96	62	57	100	65	100	63	
2147483647	2147483647	2147483647	2147483647	2147483647	80	78	40	67	40	68	36	70	71	70	33	34	73	0	33	77	35	80	35	80	59	100	99	61	103	59	103	
2147483647	2147483647	2147483647	2147483647	2147483647	78	81	40	68	40	69	38	71	71	71	33	36	73	33	0	77	37	80	35	81	57	101	99	59	104	58	104	
2147483647	2147483647	2147483647	2147483647	2147483647	70	85	68	40	69	40	71	38	36	39	74	73	36	77	77	0	80	37	81	35	101	57	53	104	59	104	58	
2147483647	2147483647	2147483647	2147483647	2147483647	84	76	44	70	45	71	40	74	74	74	38	37	77	35	37	80	0	83	34	84	59	102	102	61	106	58	106	
2147483647	2147483647	2147483647	2147483647	2147483647	66	91	70	44	71	45	74	40	40	40	77	77	37	80	80	37	83	0	84	34	102	59	51	106	61	106	58	
2147483647	2147483647	2147483647	2147483647	2147483647	82	80	44	71	44	72	41	75	75	74	37	38	77	35	35	81	34	84	0	84	55	104	103	58	107	55	107	
2147483647	2147483647	2147483647	2147483647	2147483647	70	88	71	44	72	44	75	41	40	41	78	77	38	80	81	35	84	34	84	0	104	55	49	107	58	107	55	
2147483647	2147483647	2147483647	2147483647	2147483647	88	104	65	91	63	93	64	94	95	93	59	62	96	59	57	101	59	102	55	104	0	126	123	34	129	40	128	
2147483647	2147483647	2147483647	2147483647	2147483647	94	90	91	65	93	63	94	64	62	65	98	96	62	100	101	57	102	59	104	55	126	0	44	129	34	128	40	
2147483647	2147483647	2147483647	2147483647	2147483647	84	98	90	62	91	62	93	59	58	60	96	95	57	99	99	53	102	51	103	49	123	44	0	126	44	126	38	
2147483647	2147483647	2147483647	2147483647	2147483647	92	105	68	95	67	96	67	97	98	97	62	65	100	61	59	104	61	106	58	107	34	129	126	0	132	38	131	
2147483647	2147483647	2147483647	2147483647	2147483647	95	94	95	68	96	67	97	67	65	68	101	100	65	103	104	59	106	61	107	58	129	34	44	132	0	131	38	
2147483647	2147483647	2147483647	2147483647	2147483647	95	100	67	94	66	95	65	97	98	97	61	63	100	59	58	104	58	106	55	107	40	128	126	38	131	0	131	
2147483647	2147483647	2147483647	2147483647	2147483647	91	98	94	67	95	66	97	65	64	66	101	100	63	103	104	58	106	58	107	55	128	40	38	131	38	131	0	


Supplier_ID	X_Coordinate	Y_Coordinate	Closest_DC	Second_Closest_DC	Supply_Commodity1_Quantity	Supply_Commodity2_Quantity	Supply_Commodity3_Quantity	
1	25	37	7	6	274	221	52	
2	37	43	7	6	274	221	52	
3	72	72	6	7	274	221	52	
4	23	61	7	6	274	221	52	
5	40	50	7	6	274	221	52	


Scenario: 1; Probability: 0.04

Distribution_Center_ID	X_Coordinate	Y_Coordinate	Demand_Commodity1_Quantity	Demand_Commodity2_Quantity	Demand_Commodity3_Quantity	
6	68	90	922	669	177	
7	42	32	330	242	44	

Customer_ID	X_Coordinate	Y_Coordinate	Closest_DC	Second_Closest_DC	Demand_Commodity1_Quantity	Demand_Commodity2_Quantity	Demand_Commodity3_Quantity	
8	45	68	6	7	65	71	23	
9	65	62	6	7	59	98	14	
10	45	70	6	7	86	51	0	
11	65	60	6	7	74	61	0	
12	42	66	7	6	74	35	18	
13	68	64	6	7	91	38	10	
14	68	62	6	7	50	5	34	
15	68	65	6	7	34	10	22	
16	40	69	6	7	31	38	25	
17	40	66	7	6	30	61	0	
18	70	64	6	7	36	39	0	
19	38	68	7	6	57	56	0	
20	38	70	6	7	16	47	2	
21	72	60	6	7	14	51	2	
22	35	66	7	6	41	37	0	
23	75	64	6	7	55	36	0	
24	35	69	7	6	77	24	0	
25	75	61	6	7	57	46	0	
26	25	85	6	7	21	15	11	
27	85	45	7	6	13	9	13	
28	88	55	6	7	52	39	26	
29	22	85	6	7	55	21	8	
30	88	45	7	6	38	20	13	
31	20	80	6	7	58	1	0	
32	90	50	6	7	68	2	0	

Scenario: 2; Probability: 0.04

Distribution_Center_ID	X_Coordinate	Y_Coordinate	Demand_Commodity1_Quantity	Demand_Commodity2_Quantity	Demand_Commodity3_Quantity	
6	68	90	1002	803	210	
7	42	32	353	290	44	

Customer_ID	X_Coordinate	Y_Coordinate	Closest_DC	Second_Closest_DC	Demand_Commodity1_Quantity	Demand_Commodity2_Quantity	Demand_Commodity3_Quantity	
8	45	68	6	7	103	95	32	
9	65	62	6	7	71	77	22	
10	45	70	6	7	77	63	0	
11	65	60	6	7	76	92	0	
12	42	66	7	6	67	46	14	
13	68	64	6	7	70	46	12	
14	68	62	6	7	71	7	46	
15	68	65	6	7	35	12	23	
16	40	69	6	7	48	56	22	
17	40	66	7	6	35	47	0	
18	70	64	6	7	37	47	0	
19	38	68	7	6	68	90	0	
20	38	70	6	7	12	40	1	
21	72	60	6	7	21	68	1	
22	35	66	7	6	47	46	0	
23	75	64	6	7	47	44	0	
24	35	69	7	6	66	28	0	
25	75	61	6	7	65	61	0	
26	25	85	6	7	14	15	13	
27	85	45	7	6	19	7	12	
28	88	55	6	7	62	54	27	
29	22	85	6	7	57	22	11	
30	88	45	7	6	51	26	18	
31	20	80	6	7	81	1	0	
32	90	50	6	7	55	3	0	

Scenario: 3; Probability: 0.04

Distribution_Center_ID	X_Coordinate	Y_Coordinate	Demand_Commodity1_Quantity	Demand_Commodity2_Quantity	Demand_Commodity3_Quantity	
6	68	90	645	474	136	
7	42	32	217	149	25	

Customer_ID	X_Coordinate	Y_Coordinate	Closest_DC	Second_Closest_DC	Demand_Commodity1_Quantity	Demand_Commodity2_Quantity	Demand_Commodity3_Quantity	
8	45	68	6	7	36	52	19	
9	65	62	6	7	48	50	10	
10	45	70	6	7	71	30	0	
11	65	60	6	7	58	52	0	
12	42	66	7	6	46	28	8	
13	68	64	6	7	55	24	7	
14	68	62	6	7	40	4	25	
15	68	65	6	7	27	8	16	
16	40	69	6	7	29	36	19	
17	40	66	7	6	21	29	0	
18	70	64	6	7	32	24	0	
19	38	68	7	6	30	35	0	
20	38	70	6	7	9	29	1	
21	72	60	6	7	9	47	1	
22	35	66	7	6	24	20	0	
23	75	64	6	7	38	27	0	
24	35	69	7	6	53	16	0	
25	75	61	6	7	32	29	0	
26	25	85	6	7	10	8	10	
27	85	45	7	6	10	5	7	
28	88	55	6	7	29	31	21	
29	22	85	6	7	33	20	7	
30	88	45	7	6	33	16	10	
31	20	80	6	7	45	1	0	
32	90	50	6	7	44	2	0	

Scenario: 4; Probability: 0.04

Distribution_Center_ID	X_Coordinate	Y_Coordinate	Demand_Commodity1_Quantity	Demand_Commodity2_Quantity	Demand_Commodity3_Quantity	
6	68	90	450	355	89	
7	42	32	155	115	21	

Customer_ID	X_Coordinate	Y_Coordinate	Closest_DC	Second_Closest_DC	Demand_Commodity1_Quantity	Demand_Commodity2_Quantity	Demand_Commodity3_Quantity	
8	45	68	6	7	43	36	13	
9	65	62	6	7	25	46	8	
10	45	70	6	7	41	28	0	
11	65	60	6	7	41	39	0	
12	42	66	7	6	25	14	9	
13	68	64	6	7	33	15	6	
14	68	62	6	7	23	4	15	
15	68	65	6	7	14	6	10	
16	40	69	6	7	21	22	9	
17	40	66	7	6	20	19	0	
18	70	64	6	7	24	20	0	
19	38	68	7	6	23	33	0	
20	38	70	6	7	5	16	1	
21	72	60	6	7	6	36	1	
22	35	66	7	6	23	16	0	
23	75	64	6	7	28	18	0	
24	35	69	7	6	28	15	0	
25	75	61	6	7	28	23	0	
26	25	85	6	7	7	7	8	
27	85	45	7	6	8	5	5	
28	88	55	6	7	22	23	13	
29	22	85	6	7	21	14	5	
30	88	45	7	6	28	13	7	
31	20	80	6	7	33	1	0	
32	90	50	6	7	35	1	0	

Scenario: 5; Probability: 0.04

Distribution_Center_ID	X_Coordinate	Y_Coordinate	Demand_Commodity1_Quantity	Demand_Commodity2_Quantity	Demand_Commodity3_Quantity	
6	68	90	630	472	119	
7	42	32	199	171	26	

Customer_ID	X_Coordinate	Y_Coordinate	Closest_DC	Second_Closest_DC	Demand_Commodity1_Quantity	Demand_Commodity2_Quantity	Demand_Commodity3_Quantity	
8	45	68	6	7	58	45	15	
9	65	62	6	7	30	60	9	
10	45	70	6	7	63	42	0	
11	65	60	6	7	50	48	0	
12	42	66	7	6	36	21	11	
13	68	64	6	7	58	24	8	
14	68	62	6	7	30	5	21	
15	68	65	6	7	30	7	14	
16	40	69	6	7	27	24	16	
17	40	66	7	6	29	31	0	
18	70	64	6	7	25	27	0	
19	38	68	7	6	31	39	0	
20	38	70	6	7	9	28	1	
21	72	60	6	7	10	45	1	
22	35	66	7	6	32	32	0	
23	75	64	6	7	37	27	0	
24	35	69	7	6	35	23	0	
25	75	61	6	7	41	35	0	
26	25	85	6	7	13	6	11	
27	85	45	7	6	8	6	8	
28	88	55	6	7	33	33	17	
29	22	85	6	7	27	13	6	
30	88	45	7	6	28	19	7	
31	20	80	6	7	46	1	0	
32	90	50	6	7	43	2	0	

Scenario: 6; Probability: 0.04

Distribution_Center_ID	X_Coordinate	Y_Coordinate	Demand_Commodity1_Quantity	Demand_Commodity2_Quantity	Demand_Commodity3_Quantity	
6	68	90	846	678	193	
7	42	32	305	245	31	

Customer_ID	X_Coordinate	Y_Coordinate	Closest_DC	Second_Closest_DC	Demand_Commodity1_Quantity	Demand_Commodity2_Quantity	Demand_Commodity3_Quantity	
8	45	68	6	7	62	56	22	
9	65	62	6	7	44	86	17	
10	45	70	6	7	68	67	0	
11	65	60	6	7	71	80	0	
12	42	66	7	6	47	36	13	
13	68	64	6	7	74	35	9	
14	68	62	6	7	44	7	40	
15	68	65	6	7	41	11	27	
16	40	69	6	7	47	47	23	
17	40	66	7	6	33	40	0	
18	70	64	6	7	49	48	0	
19	38	68	7	6	41	66	0	
20	38	70	6	7	13	28	2	
21	72	60	6	7	12	56	2	
22	35	66	7	6	44	44	0	
23	75	64	6	7	50	30	0	
24	35	69	7	6	77	25	0	
25	75	61	6	7	67	44	0	
26	25	85	6	7	13	12	13	
27	85	45	7	6	15	7	8	
28	88	55	6	7	37	45	30	
29	22	85	6	7	53	23	8	
30	88	45	7	6	48	27	10	
31	20	80	6	7	48	1	0	
32	90	50	6	7	53	2	0	

Scenario: 7; Probability: 0.04

Distribution_Center_ID	X_Coordinate	Y_Coordinate	Demand_Commodity1_Quantity	Demand_Commodity2_Quantity	Demand_Commodity3_Quantity	
6	68	90	521	392	114	
7	42	32	188	137	18	

Customer_ID	X_Coordinate	Y_Coordinate	Closest_DC	Second_Closest_DC	Demand_Commodity1_Quantity	Demand_Commodity2_Quantity	Demand_Commodity3_Quantity	
8	45	68	6	7	32	33	15	
9	65	62	6	7	38	41	10	
10	45	70	6	7	44	35	0	
11	65	60	6	7	48	36	0	
12	42	66	7	6	40	17	7	
13	68	64	6	7	41	16	8	
14	68	62	6	7	34	5	22	
15	68	65	6	7	19	7	14	
16	40	69	6	7	28	22	12	
17	40	66	7	6	19	31	0	
18	70	64	6	7	22	23	0	
19	38	68	7	6	30	31	0	
20	38	70	6	7	9	25	1	
21	72	60	6	7	9	41	1	
22	35	66	7	6	27	21	0	
23	75	64	6	7	33	25	0	
24	35	69	7	6	30	19	0	
25	75	61	6	7	38	29	0	
26	25	85	6	7	10	8	7	
27	85	45	7	6	8	6	5	
28	88	55	6	7	27	30	19	
29	22	85	6	7	28	13	5	
30	88	45	7	6	34	12	6	
31	20	80	6	7	34	1	0	
32	90	50	6	7	27	2	0	

Scenario: 8; Probability: 0.04

Distribution_Center_ID	X_Coordinate	Y_Coordinate	Demand_Commodity1_Quantity	Demand_Commodity2_Quantity	Demand_Commodity3_Quantity	
6	68	90	560	447	122	
7	42	32	194	145	26	

Customer_ID	X_Coordinate	Y_Coordinate	Closest_DC	Second_Closest_DC	Demand_Commodity1_Quantity	Demand_Commodity2_Quantity	Demand_Commodity3_Quantity	
8	45	68	6	7	49	47	14	
9	65	62	6	7	36	40	11	
10	45	70	6	7	56	34	0	
11	65	60	6	7	39	51	0	
12	42	66	7	6	30	17	9	
13	68	64	6	7	38	24	6	
14	68	62	6	7	39	3	27	
15	68	65	6	7	22	6	12	
16	40	69	6	7	32	22	15	
17	40	66	7	6	25	32	0	
18	70	64	6	7	31	29	0	
19	38	68	7	6	25	34	0	
20	38	70	6	7	10	29	1	
21	72	60	6	7	11	48	1	
22	35	66	7	6	32	27	0	
23	75	64	6	7	30	30	0	
24	35	69	7	6	49	18	0	
25	75	61	6	7	36	27	0	
26	25	85	6	7	9	7	8	
27	85	45	7	6	9	5	6	
28	88	55	6	7	25	33	21	
29	22	85	6	7	35	14	6	
30	88	45	7	6	24	12	11	
31	20	80	6	7	29	1	0	
32	90	50	6	7	33	2	0	

Scenario: 9; Probability: 0.04

Distribution_Center_ID	X_Coordinate	Y_Coordinate	Demand_Commodity1_Quantity	Demand_Commodity2_Quantity	Demand_Commodity3_Quantity	
6	68	90	649	526	125	
7	42	32	213	190	25	

Customer_ID	X_Coordinate	Y_Coordinate	Closest_DC	Second_Closest_DC	Demand_Commodity1_Quantity	Demand_Commodity2_Quantity	Demand_Commodity3_Quantity	
8	45	68	6	7	45	48	17	
9	65	62	6	7	44	57	10	
10	45	70	6	7	52	50	0	
11	65	60	6	7	63	52	0	
12	42	66	7	6	39	30	12	
13	68	64	6	7	60	27	7	
14	68	62	6	7	42	5	20	
15	68	65	6	7	32	6	16	
16	40	69	6	7	24	32	19	
17	40	66	7	6	23	39	0	
18	70	64	6	7	29	39	0	
19	38	68	7	6	42	58	0	
20	38	70	6	7	11	30	2	
21	72	60	6	7	13	53	1	
22	35	66	7	6	32	23	0	
23	75	64	6	7	27	31	0	
24	35	69	7	6	42	18	0	
25	75	61	6	7	42	33	0	
26	25	85	6	7	9	8	9	
27	85	45	7	6	9	6	6	
28	88	55	6	7	33	36	16	
29	22	85	6	7	39	16	8	
30	88	45	7	6	26	16	7	
31	20	80	6	7	44	1	0	
32	90	50	6	7	40	2	0	

Scenario: 10; Probability: 0.04

Distribution_Center_ID	X_Coordinate	Y_Coordinate	Demand_Commodity1_Quantity	Demand_Commodity2_Quantity	Demand_Commodity3_Quantity	
6	68	90	568	394	113	
7	42	32	184	169	24	

Customer_ID	X_Coordinate	Y_Coordinate	Closest_DC	Second_Closest_DC	Demand_Commodity1_Quantity	Demand_Commodity2_Quantity	Demand_Commodity3_Quantity	
8	45	68	6	7	34	39	17	
9	65	62	6	7	41	38	11	
10	45	70	6	7	58	28	0	
11	65	60	6	7	45	34	0	
12	42	66	7	6	34	26	10	
13	68	64	6	7	47	26	6	
14	68	62	6	7	39	4	17	
15	68	65	6	7	27	7	17	
16	40	69	6	7	29	22	13	
17	40	66	7	6	17	31	0	
18	70	64	6	7	28	32	0	
19	38	68	7	6	24	49	0	
20	38	70	6	7	8	19	1	
21	72	60	6	7	8	40	1	
22	35	66	7	6	25	23	0	
23	75	64	6	7	24	25	0	
24	35	69	7	6	39	21	0	
25	75	61	6	7	41	28	0	
26	25	85	6	7	10	6	8	
27	85	45	7	6	12	6	8	
28	88	55	6	7	29	27	17	
29	22	85	6	7	25	16	5	
30	88	45	7	6	33	13	6	
31	20	80	6	7	34	1	0	
32	90	50	6	7	41	2	0	

Scenario: 11; Probability: 0.04

Distribution_Center_ID	X_Coordinate	Y_Coordinate	Demand_Commodity1_Quantity	Demand_Commodity2_Quantity	Demand_Commodity3_Quantity	
6	68	90	730	556	143	
7	42	32	247	207	33	

Customer_ID	X_Coordinate	Y_Coordinate	Closest_DC	Second_Closest_DC	Demand_Commodity1_Quantity	Demand_Commodity2_Quantity	Demand_Commodity3_Quantity	
8	45	68	6	7	52	54	16	
9	65	62	6	7	52	71	14	
10	45	70	6	7	82	52	0	
11	65	60	6	7	47	44	0	
12	42	66	7	6	38	32	14	
13	68	64	6	7	58	28	8	
14	68	62	6	7	41	6	22	
15	68	65	6	7	28	8	22	
16	40	69	6	7	37	35	17	
17	40	66	7	6	28	49	0	
18	70	64	6	7	32	40	0	
19	38	68	7	6	43	43	0	
20	38	70	6	7	10	27	1	
21	72	60	6	7	12	53	2	
22	35	66	7	6	38	29	0	
23	75	64	6	7	44	34	0	
24	35	69	7	6	49	28	0	
25	75	61	6	7	50	35	0	
26	25	85	6	7	14	12	9	
27	85	45	7	6	12	8	8	
28	88	55	6	7	34	33	25	
29	22	85	6	7	27	20	7	
30	88	45	7	6	39	18	11	
31	20	80	6	7	53	1	0	
32	90	50	6	7	57	3	0	

Scenario: 12; Probability: 0.04

Distribution_Center_ID	X_Coordinate	Y_Coordinate	Demand_Commodity1_Quantity	Demand_Commodity2_Quantity	Demand_Commodity3_Quantity	
6	68	90	841	650	174	
7	42	32	313	206	36	

Customer_ID	X_Coordinate	Y_Coordinate	Closest_DC	Second_Closest_DC	Demand_Commodity1_Quantity	Demand_Commodity2_Quantity	Demand_Commodity3_Quantity	
8	45	68	6	7	54	67	25	
9	65	62	6	7	45	90	17	
10	45	70	6	7	90	44	0	
11	65	60	6	7	75	76	0	
12	42	66	7	6	63	27	12	
13	68	64	6	7	72	39	9	
14	68	62	6	7	58	5	28	
15	68	65	6	7	29	11	24	
16	40	69	6	7	32	38	19	
17	40	66	7	6	38	44	0	
18	70	64	6	7	41	40	0	
19	38	68	7	6	50	57	0	
20	38	70	6	7	11	29	2	
21	72	60	6	7	14	54	1	
22	35	66	7	6	40	32	0	
23	75	64	6	7	51	37	0	
24	35	69	7	6	61	20	0	
25	75	61	6	7	67	31	0	
26	25	85	6	7	17	13	13	
27	85	45	7	6	11	9	10	
28	88	55	6	7	43	46	27	
29	22	85	6	7	36	26	9	
30	88	45	7	6	50	17	14	
31	20	80	6	7	57	2	0	
32	90	50	6	7	49	2	0	

Scenario: 13; Probability: 0.04

Distribution_Center_ID	X_Coordinate	Y_Coordinate	Demand_Commodity1_Quantity	Demand_Commodity2_Quantity	Demand_Commodity3_Quantity	
6	68	90	498	404	112	
7	42	32	179	154	23	

Customer_ID	X_Coordinate	Y_Coordinate	Closest_DC	Second_Closest_DC	Demand_Commodity1_Quantity	Demand_Commodity2_Quantity	Demand_Commodity3_Quantity	
8	45	68	6	7	33	45	14	
9	65	62	6	7	30	44	11	
10	45	70	6	7	43	33	0	
11	65	60	6	7	42	50	0	
12	42	66	7	6	38	17	9	
13	68	64	6	7	47	19	6	
14	68	62	6	7	29	3	21	
15	68	65	6	7	24	6	14	
16	40	69	6	7	19	22	14	
17	40	66	7	6	20	34	0	
18	70	64	6	7	26	26	0	
19	38	68	7	6	23	44	0	
20	38	70	6	7	7	26	1	
21	72	60	6	7	11	33	1	
22	35	66	7	6	21	18	0	
23	75	64	6	7	21	20	0	
24	35	69	7	6	37	22	0	
25	75	61	6	7	38	22	0	
26	25	85	6	7	8	7	7	
27	85	45	7	6	7	4	6	
28	88	55	6	7	26	29	17	
29	22	85	6	7	32	16	6	
30	88	45	7	6	33	15	8	
31	20	80	6	7	26	1	0	
32	90	50	6	7	36	2	0	

Scenario: 14; Probability: 0.04

Distribution_Center_ID	X_Coordinate	Y_Coordinate	Demand_Commodity1_Quantity	Demand_Commodity2_Quantity	Demand_Commodity3_Quantity	
6	68	90	848	654	186	
7	42	32	302	230	43	

Customer_ID	X_Coordinate	Y_Coordinate	Closest_DC	Second_Closest_DC	Demand_Commodity1_Quantity	Demand_Commodity2_Quantity	Demand_Commodity3_Quantity	
8	45	68	6	7	55	72	22	
9	65	62	6	7	57	64	20	
10	45	70	6	7	90	74	0	
11	65	60	6	7	68	54	0	
12	42	66	7	6	52	26	14	
13	68	64	6	7	62	30	12	
14	68	62	6	7	51	6	35	
15	68	65	6	7	28	10	21	
16	40	69	6	7	38	38	24	
17	40	66	7	6	36	46	0	
18	70	64	6	7	46	53	0	
19	38	68	7	6	49	52	0	
20	38	70	6	7	15	39	1	
21	72	60	6	7	14	68	2	
22	35	66	7	6	45	41	0	
23	75	64	6	7	38	40	0	
24	35	69	7	6	54	32	0	
25	75	61	6	7	73	37	0	
26	25	85	6	7	14	9	11	
27	85	45	7	6	12	7	13	
28	88	55	6	7	45	32	30	
29	22	85	6	7	41	24	8	
30	88	45	7	6	54	26	16	
31	20	80	6	7	53	2	0	
32	90	50	6	7	60	2	0	

Scenario: 15; Probability: 0.04

Distribution_Center_ID	X_Coordinate	Y_Coordinate	Demand_Commodity1_Quantity	Demand_Commodity2_Quantity	Demand_Commodity3_Quantity	
6	68	90	992	782	215	
7	42	32	366	291	38	

Customer_ID	X_Coordinate	Y_Coordinate	Closest_DC	Second_Closest_DC	Demand_Commodity1_Quantity	Demand_Commodity2_Quantity	Demand_Commodity3_Quantity	
8	45	68	6	7	94	77	27	
9	65	62	6	7	72	86	19	
10	45	70	6	7	77	68	0	
11	65	60	6	7	68	98	0	
12	42	66	7	6	69	40	13	
13	68	64	6	7	89	48	12	
14	68	62	6	7	51	9	42	
15	68	65	6	7	35	12	21	
16	40	69	6	7	45	49	30	
17	40	66	7	6	44	65	0	
18	70	64	6	7	54	45	0	
19	38	68	7	6	47	74	0	
20	38	70	6	7	15	42	1	
21	72	60	6	7	15	65	1	
22	35	66	7	6	35	41	0	
23	75	64	6	7	50	39	0	
24	35	69	7	6	93	37	0	
25	75	61	6	7	57	51	0	
26	25	85	6	7	23	15	17	
27	85	45	7	6	17	9	14	
28	88	55	6	7	65	47	34	
29	22	85	6	7	47	25	11	
30	88	45	7	6	61	25	11	
31	20	80	6	7	59	2	0	
32	90	50	6	7	76	4	0	

Scenario: 16; Probability: 0.04

Distribution_Center_ID	X_Coordinate	Y_Coordinate	Demand_Commodity1_Quantity	Demand_Commodity2_Quantity	Demand_Commodity3_Quantity	
6	68	90	512	352	100	
7	42	32	172	143	23	

Customer_ID	X_Coordinate	Y_Coordinate	Closest_DC	Second_Closest_DC	Demand_Commodity1_Quantity	Demand_Commodity2_Quantity	Demand_Commodity3_Quantity	
8	45	68	6	7	33	33	10	
9	65	62	6	7	33	35	8	
10	45	70	6	7	49	37	0	
11	65	60	6	7	43	42	0	
12	42	66	7	6	36	17	10	
13	68	64	6	7	46	16	5	
14	68	62	6	7	33	3	23	
15	68	65	6	7	24	7	11	
16	40	69	6	7	25	26	15	
17	40	66	7	6	17	29	0	
18	70	64	6	7	20	21	0	
19	38	68	7	6	28	42	0	
20	38	70	6	7	8	25	1	
21	72	60	6	7	10	30	1	
22	35	66	7	6	24	24	0	
23	75	64	6	7	31	17	0	
24	35	69	7	6	33	16	0	
25	75	61	6	7	31	19	0	
26	25	85	6	7	10	6	7	
27	85	45	7	6	11	5	6	
28	88	55	6	7	25	21	13	
29	22	85	6	7	24	12	6	
30	88	45	7	6	23	10	7	
31	20	80	6	7	28	1	0	
32	90	50	6	7	39	1	0	

Scenario: 17; Probability: 0.04

Distribution_Center_ID	X_Coordinate	Y_Coordinate	Demand_Commodity1_Quantity	Demand_Commodity2_Quantity	Demand_Commodity3_Quantity	
6	68	90	521	386	110	
7	42	32	193	129	23	

Customer_ID	X_Coordinate	Y_Coordinate	Closest_DC	Second_Closest_DC	Demand_Commodity1_Quantity	Demand_Commodity2_Quantity	Demand_Commodity3_Quantity	
8	45	68	6	7	36	35	15	
9	65	62	6	7	35	55	10	
10	45	70	6	7	55	41	0	
11	65	60	6	7	46	30	0	
12	42	66	7	6	40	15	9	
13	68	64	6	7	49	23	5	
14	68	62	6	7	32	4	14	
15	68	65	6	7	21	5	14	
16	40	69	6	7	27	27	16	
17	40	66	7	6	22	21	0	
18	70	64	6	7	24	22	0	
19	38	68	7	6	26	34	0	
20	38	70	6	7	8	19	1	
21	72	60	6	7	10	35	1	
22	35	66	7	6	28	25	0	
23	75	64	6	7	23	20	0	
24	35	69	7	6	46	15	0	
25	75	61	6	7	31	23	0	
26	25	85	6	7	8	8	9	
27	85	45	7	6	8	5	6	
28	88	55	6	7	29	19	19	
29	22	85	6	7	29	17	6	
30	88	45	7	6	23	14	8	
31	20	80	6	7	30	1	0	
32	90	50	6	7	28	2	0	

Scenario: 18; Probability: 0.04

Distribution_Center_ID	X_Coordinate	Y_Coordinate	Demand_Commodity1_Quantity	Demand_Commodity2_Quantity	Demand_Commodity3_Quantity	
6	68	90	1032	812	204	
7	42	32	325	282	48	

Customer_ID	X_Coordinate	Y_Coordinate	Closest_DC	Second_Closest_DC	Demand_Commodity1_Quantity	Demand_Commodity2_Quantity	Demand_Commodity3_Quantity	
8	45	68	6	7	85	88	26	
9	65	62	6	7	63	98	17	
10	45	70	6	7	121	74	0	
11	65	60	6	7	68	74	0	
12	42	66	7	6	63	36	18	
13	68	64	6	7	65	40	12	
14	68	62	6	7	60	6	38	
15	68	65	6	7	40	9	30	
16	40	69	6	7	41	40	29	
17	40	66	7	6	36	58	0	
18	70	64	6	7	50	62	0	
19	38	68	7	6	59	74	0	
20	38	70	6	7	15	49	1	
21	72	60	6	7	21	74	1	
22	35	66	7	6	37	49	0	
23	75	64	6	7	60	50	0	
24	35	69	7	6	61	28	0	
25	75	61	6	7	87	56	0	
26	25	85	6	7	16	11	15	
27	85	45	7	6	18	8	12	
28	88	55	6	7	57	52	25	
29	22	85	6	7	57	25	10	
30	88	45	7	6	51	29	18	
31	20	80	6	7	62	1	0	
32	90	50	6	7	64	3	0	

Scenario: 19; Probability: 0.04

Distribution_Center_ID	X_Coordinate	Y_Coordinate	Demand_Commodity1_Quantity	Demand_Commodity2_Quantity	Demand_Commodity3_Quantity	
6	68	90	657	554	132	
7	42	32	274	213	27	

Customer_ID	X_Coordinate	Y_Coordinate	Closest_DC	Second_Closest_DC	Demand_Commodity1_Quantity	Demand_Commodity2_Quantity	Demand_Commodity3_Quantity	
8	45	68	6	7	46	55	18	
9	65	62	6	7	41	66	12	
10	45	70	6	7	74	40	0	
11	65	60	6	7	48	63	0	
12	42	66	7	6	58	27	11	
13	68	64	6	7	60	35	9	
14	68	62	6	7	44	5	21	
15	68	65	6	7	28	8	18	
16	40	69	6	7	26	35	15	
17	40	66	7	6	26	44	0	
18	70	64	6	7	28	36	0	
19	38	68	7	6	48	48	0	
20	38	70	6	7	9	29	1	
21	72	60	6	7	11	38	1	
22	35	66	7	6	36	36	0	
23	75	64	6	7	31	31	0	
24	35	69	7	6	58	28	0	
25	75	61	6	7	40	45	0	
26	25	85	6	7	14	11	8	
27	85	45	7	6	15	6	7	
28	88	55	6	7	35	31	22	
29	22	85	6	7	41	23	7	
30	88	45	7	6	33	24	9	
31	20	80	6	7	44	1	0	
32	90	50	6	7	37	2	0	

Scenario: 20; Probability: 0.04

Distribution_Center_ID	X_Coordinate	Y_Coordinate	Demand_Commodity1_Quantity	Demand_Commodity2_Quantity	Demand_Commodity3_Quantity	
6	68	90	382	305	84	
7	42	32	144	113	17	

Customer_ID	X_Coordinate	Y_Coordinate	Closest_DC	Second_Closest_DC	Demand_Commodity1_Quantity	Demand_Commodity2_Quantity	Demand_Commodity3_Quantity	
8	45	68	6	7	31	33	10	
9	65	62	6	7	28	42	9	
10	45	70	6	7	41	27	0	
11	65	60	6	7	38	24	0	
12	42	66	7	6	29	15	7	
13	68	64	6	7	35	14	4	
14	68	62	6	7	22	2	16	
15	68	65	6	7	12	6	12	
16	40	69	6	7	15	23	10	
17	40	66	7	6	13	18	0	
18	70	64	6	7	14	23	0	
19	38	68	7	6	24	35	0	
20	38	70	6	7	6	13	1	
21	72	60	6	7	6	26	1	
22	35	66	7	6	18	20	0	
23	75	64	6	7	22	15	0	
24	35	69	7	6	30	13	0	
25	75	61	6	7	25	20	0	
26	25	85	6	7	8	5	6	
27	85	45	7	6	7	4	4	
28	88	55	6	7	20	18	11	
29	22	85	6	7	18	12	4	
30	88	45	7	6	23	8	6	
31	20	80	6	7	22	1	0	
32	90	50	6	7	19	1	0	

Scenario: 21; Probability: 0.04

Distribution_Center_ID	X_Coordinate	Y_Coordinate	Demand_Commodity1_Quantity	Demand_Commodity2_Quantity	Demand_Commodity3_Quantity	
6	68	90	551	439	110	
7	42	32	202	152	26	

Customer_ID	X_Coordinate	Y_Coordinate	Closest_DC	Second_Closest_DC	Demand_Commodity1_Quantity	Demand_Commodity2_Quantity	Demand_Commodity3_Quantity	
8	45	68	6	7	35	44	18	
9	65	62	6	7	32	51	11	
10	45	70	6	7	68	39	0	
11	65	60	6	7	43	48	0	
12	42	66	7	6	36	19	10	
13	68	64	6	7	42	27	7	
14	68	62	6	7	26	4	17	
15	68	65	6	7	21	6	13	
16	40	69	6	7	25	34	13	
17	40	66	7	6	17	28	0	
18	70	64	6	7	31	25	0	
19	38	68	7	6	34	42	0	
20	38	70	6	7	9	22	1	
21	72	60	6	7	10	38	1	
22	35	66	7	6	28	19	0	
23	75	64	6	7	32	22	0	
24	35	69	7	6	51	22	0	
25	75	61	6	7	41	21	0	
26	25	85	6	7	9	9	7	
27	85	45	7	6	11	6	7	
28	88	55	6	7	28	32	16	
29	22	85	6	7	27	14	6	
30	88	45	7	6	25	16	9	
31	20	80	6	7	34	1	0	
32	90	50	6	7	38	2	0	

Scenario: 22; Probability: 0.04

Distribution_Center_ID	X_Coordinate	Y_Coordinate	Demand_Commodity1_Quantity	Demand_Commodity2_Quantity	Demand_Commodity3_Quantity	
6	68	90	767	610	165	
7	42	32	296	236	35	

Customer_ID	X_Coordinate	Y_Coordinate	Closest_DC	Second_Closest_DC	Demand_Commodity1_Quantity	Demand_Commodity2_Quantity	Demand_Commodity3_Quantity	
8	45	68	6	7	57	66	17	
9	65	62	6	7	45	80	15	
10	45	70	6	7	76	41	0	
11	65	60	6	7	75	56	0	
12	42	66	7	6	52	31	15	
13	68	64	6	7	74	24	10	
14	68	62	6	7	44	4	31	
15	68	65	6	7	33	8	23	
16	40	69	6	7	33	40	22	
17	40	66	7	6	25	44	0	
18	70	64	6	7	42	48	0	
19	38	68	7	6	42	72	0	
20	38	70	6	7	14	33	2	
21	72	60	6	7	16	63	2	
22	35	66	7	6	43	38	0	
23	75	64	6	7	35	37	0	
24	35	69	7	6	72	26	0	
25	75	61	6	7	42	34	0	
26	25	85	6	7	15	12	10	
27	85	45	7	6	13	9	8	
28	88	55	6	7	32	35	25	
29	22	85	6	7	30	25	8	
30	88	45	7	6	49	16	12	
31	20	80	6	7	50	2	0	
32	90	50	6	7	54	2	0	

Scenario: 23; Probability: 0.04

Distribution_Center_ID	X_Coordinate	Y_Coordinate	Demand_Commodity1_Quantity	Demand_Commodity2_Quantity	Demand_Commodity3_Quantity	
6	68	90	1037	741	211	
7	42	32	326	286	38	

Customer_ID	X_Coordinate	Y_Coordinate	Closest_DC	Second_Closest_DC	Demand_Commodity1_Quantity	Demand_Commodity2_Quantity	Demand_Commodity3_Quantity	
8	45	68	6	7	85	82	25	
9	65	62	6	7	72	73	21	
10	45	70	6	7	93	51	0	
11	65	60	6	7	91	86	0	
12	42	66	7	6	73	45	14	
13	68	64	6	7	92	40	12	
14	68	62	6	7	63	8	36	
15	68	65	6	7	37	14	30	
16	40	69	6	7	42	45	26	
17	40	66	7	6	40	52	0	
18	70	64	6	7	33	44	0	
19	38	68	7	6	46	84	0	
20	38	70	6	7	16	42	2	
21	72	60	6	7	15	66	2	
22	35	66	7	6	43	39	0	
23	75	64	6	7	53	32	0	
24	35	69	7	6	68	32	0	
25	75	61	6	7	83	59	0	
26	25	85	6	7	19	12	15	
27	85	45	7	6	17	8	13	
28	88	55	6	7	48	54	32	
29	22	85	6	7	46	28	10	
30	88	45	7	6	39	26	11	
31	20	80	6	7	74	2	0	
32	90	50	6	7	75	3	0	

Scenario: 24; Probability: 0.04

Distribution_Center_ID	X_Coordinate	Y_Coordinate	Demand_Commodity1_Quantity	Demand_Commodity2_Quantity	Demand_Commodity3_Quantity	
6	68	90	1020	810	212	
7	42	32	337	282	40	

Customer_ID	X_Coordinate	Y_Coordinate	Closest_DC	Second_Closest_DC	Demand_Commodity1_Quantity	Demand_Commodity2_Quantity	Demand_Commodity3_Quantity	
8	45	68	6	7	68	102	26	
9	65	62	6	7	77	113	17	
10	45	70	6	7	97	60	0	
11	65	60	6	7	72	62	0	
12	42	66	7	6	55	43	17	
13	68	64	6	7	78	35	11	
14	68	62	6	7	69	8	42	
15	68	65	6	7	44	9	29	
16	40	69	6	7	44	56	25	
17	40	66	7	6	30	58	0	
18	70	64	6	7	42	39	0	
19	38	68	7	6	44	78	0	
20	38	70	6	7	12	49	1	
21	72	60	6	7	17	83	1	
22	35	66	7	6	49	40	0	
23	75	64	6	7	38	53	0	
24	35	69	7	6	78	33	0	
25	75	61	6	7	80	42	0	
26	25	85	6	7	19	14	17	
27	85	45	7	6	18	9	11	
28	88	55	6	7	64	49	35	
29	22	85	6	7	49	33	8	
30	88	45	7	6	63	21	12	
31	20	80	6	7	78	1	0	
32	90	50	6	7	72	2	0	

Scenario: 25; Probability: 0.04

Distribution_Center_ID	X_Coordinate	Y_Coordinate	Demand_Commodity1_Quantity	Demand_Commodity2_Quantity	Demand_Commodity3_Quantity	
6	68	90	569	473	134	
7	42	32	192	171	30	

Customer_ID	X_Coordinate	Y_Coordinate	Closest_DC	Second_Closest_DC	Demand_Commodity1_Quantity	Demand_Commodity2_Quantity	Demand_Commodity3_Quantity	
8	45	68	6	7	37	61	18	
9	65	62	6	7	32	54	13	
10	45	70	6	7	61	39	0	
11	65	60	6	7	49	48	0	
12	42	66	7	6	32	24	13	
13	68	64	6	7	50	24	7	
14	68	62	6	7	30	4	22	
15	68	65	6	7	31	6	15	
16	40	69	6	7	27	24	18	
17	40	66	7	6	27	35	0	
18	70	64	6	7	28	23	0	
19	38	68	7	6	29	48	0	
20	38	70	6	7	7	28	1	
21	72	60	6	7	10	38	1	
22	35	66	7	6	30	21	0	
23	75	64	6	7	26	30	0	
24	35	69	7	6	39	18	0	
25	75	61	6	7	35	32	0	
26	25	85	6	7	12	7	10	
27	85	45	7	6	9	6	7	
28	88	55	6	7	26	33	22	
29	22	85	6	7	35	19	7	
30	88	45	7	6	26	19	10	
31	20	80	6	7	36	1	0	
32	90	50	6	7	37	2	0	

