Truck Capacity:	836


Travel_Time_Matrix (Suppliers, Distribution_Centers, Customers)
0	82	87	54	95	41	57	2147483647	2147483647	2147483647	2147483647	2147483647	2147483647	2147483647	2147483647	2147483647	2147483647	2147483647	2147483647	2147483647	2147483647	2147483647	2147483647	2147483647	2147483647	2147483647	2147483647	2147483647	2147483647	2147483647	2147483647	2147483647	
82	0	41	96	55	90	108	2147483647	2147483647	2147483647	2147483647	2147483647	2147483647	2147483647	2147483647	2147483647	2147483647	2147483647	2147483647	2147483647	2147483647	2147483647	2147483647	2147483647	2147483647	2147483647	2147483647	2147483647	2147483647	2147483647	2147483647	2147483647	
87	41	0	104	44	96	113	2147483647	2147483647	2147483647	2147483647	2147483647	2147483647	2147483647	2147483647	2147483647	2147483647	2147483647	2147483647	2147483647	2147483647	2147483647	2147483647	2147483647	2147483647	2147483647	2147483647	2147483647	2147483647	2147483647	2147483647	2147483647	
54	96	104	0	114	46	54	2147483647	2147483647	2147483647	2147483647	2147483647	2147483647	2147483647	2147483647	2147483647	2147483647	2147483647	2147483647	2147483647	2147483647	2147483647	2147483647	2147483647	2147483647	2147483647	2147483647	2147483647	2147483647	2147483647	2147483647	2147483647	
95	55	44	114	0	105	121	2147483647	2147483647	2147483647	2147483647	2147483647	2147483647	2147483647	2147483647	2147483647	2147483647	2147483647	2147483647	2147483647	2147483647	2147483647	2147483647	2147483647	2147483647	2147483647	2147483647	2147483647	2147483647	2147483647	2147483647	2147483647	
11	60	66	16	75	0	2147483647	35	45	38	44	32	50	48	51	35	31	52	34	36	52	31	58	35	56	58	64	70	59	68	54	71	
27	78	83	24	91	2147483647	0	49	63	51	61	45	68	66	68	47	44	70	45	47	70	41	76	45	74	64	80	87	64	84	58	88	
2147483647	2147483647	2147483647	2147483647	2147483647	65	79	0	58	33	59	35	61	62	61	37	38	64	40	40	68	44	70	44	71	65	91	90	68	95	67	94	
2147483647	2147483647	2147483647	2147483647	2147483647	75	93	58	0	59	33	61	35	34	36	65	64	38	67	68	40	70	44	71	44	91	65	62	95	68	94	67	
2147483647	2147483647	2147483647	2147483647	2147483647	68	81	33	59	0	60	37	62	63	62	37	39	64	40	40	69	45	71	44	72	63	93	91	67	96	66	95	
2147483647	2147483647	2147483647	2147483647	2147483647	74	91	59	33	60	0	62	37	35	38	66	64	39	68	69	40	71	45	72	44	93	63	62	96	67	95	66	
2147483647	2147483647	2147483647	2147483647	2147483647	62	75	35	61	37	62	0	65	65	65	35	33	68	36	38	71	40	74	41	75	64	94	93	67	97	65	97	
2147483647	2147483647	2147483647	2147483647	2147483647	80	98	61	35	62	37	65	0	33	32	68	68	33	70	71	38	74	40	75	41	94	64	59	97	67	97	65	
2147483647	2147483647	2147483647	2147483647	2147483647	78	96	62	34	63	35	65	33	0	34	69	68	34	71	71	36	74	40	75	40	95	62	58	98	65	98	64	
2147483647	2147483647	2147483647	2147483647	2147483647	81	98	61	36	62	38	65	32	34	0	68	67	33	70	71	39	74	40	74	41	93	65	60	97	68	97	66	
2147483647	2147483647	2147483647	2147483647	2147483647	65	77	37	65	37	66	35	68	69	68	0	34	71	33	33	74	38	77	37	78	59	98	96	62	101	61	101	
2147483647	2147483647	2147483647	2147483647	2147483647	61	74	38	64	39	64	33	68	68	67	34	0	70	34	36	73	37	77	38	77	62	96	95	65	100	63	100	
2147483647	2147483647	2147483647	2147483647	2147483647	82	100	64	38	64	39	68	33	34	33	71	70	0	73	73	36	77	37	77	38	96	62	57	100	65	100	63	
2147483647	2147483647	2147483647	2147483647	2147483647	64	75	40	67	40	68	36	70	71	70	33	34	73	0	33	77	35	80	35	80	59	100	99	61	103	59	103	
2147483647	2147483647	2147483647	2147483647	2147483647	66	77	40	68	40	69	38	71	71	71	33	36	73	33	0	77	37	80	35	81	57	101	99	59	104	58	104	
2147483647	2147483647	2147483647	2147483647	2147483647	82	100	68	40	69	40	71	38	36	39	74	73	36	77	77	0	80	37	81	35	101	57	53	104	59	104	58	
2147483647	2147483647	2147483647	2147483647	2147483647	61	71	44	70	45	71	40	74	74	74	38	37	77	35	37	80	0	83	34	84	59	102	102	61	106	58	106	
2147483647	2147483647	2147483647	2147483647	2147483647	88	106	70	44	71	45	74	40	40	40	77	77	37	80	80	37	83	0	84	34	102	59	51	106	61	106	58	
2147483647	2147483647	2147483647	2147483647	2147483647	65	75	44	71	44	72	41	75	75	74	37	38	77	35	35	81	34	84	0	84	55	104	103	58	107	55	107	
2147483647	2147483647	2147483647	2147483647	2147483647	86	104	71	44	72	44	75	41	40	41	78	77	38	80	81	35	84	34	84	0	104	55	49	107	58	107	55	
2147483647	2147483647	2147483647	2147483647	2147483647	88	94	65	91	63	93	64	94	95	93	59	62	96	59	57	101	59	102	55	104	0	126	123	34	129	40	128	
2147483647	2147483647	2147483647	2147483647	2147483647	94	110	91	65	93	63	94	64	62	65	98	96	62	100	101	57	102	59	104	55	126	0	44	129	34	128	40	
2147483647	2147483647	2147483647	2147483647	2147483647	100	117	90	62	91	62	93	59	58	60	96	95	57	99	99	53	102	51	103	49	123	44	0	126	44	126	38	
2147483647	2147483647	2147483647	2147483647	2147483647	89	94	68	95	67	96	67	97	98	97	62	65	100	61	59	104	61	106	58	107	34	129	126	0	132	38	131	
2147483647	2147483647	2147483647	2147483647	2147483647	98	114	95	68	96	67	97	67	65	68	101	100	65	103	104	59	106	61	107	58	129	34	44	132	0	131	38	
2147483647	2147483647	2147483647	2147483647	2147483647	84	88	67	94	66	95	65	97	98	97	61	63	100	59	58	104	58	106	55	107	40	128	126	38	131	0	131	
2147483647	2147483647	2147483647	2147483647	2147483647	101	118	94	67	95	66	97	65	64	66	101	100	63	103	104	58	106	58	107	55	128	40	38	131	38	131	0	


Supplier_ID	X_Coordinate	Y_Coordinate	Closest_DC	Second_Closest_DC	Supply_Commodity1_Quantity	Supply_Commodity2_Quantity	Supply_Commodity3_Quantity	
1	40	50	6	7	263	241	55	
2	72	72	6	7	263	241	55	
3	70	80	6	7	263	241	55	
4	42	32	6	7	263	241	55	
5	68	90	6	7	263	241	55	


Scenario: 1; Probability: 0.04

Distribution_Center_ID	X_Coordinate	Y_Coordinate	Demand_Commodity1_Quantity	Demand_Commodity2_Quantity	Demand_Commodity3_Quantity	
6	37	43	500	446	106	
7	25	37	0	0	0	

Customer_ID	X_Coordinate	Y_Coordinate	Closest_DC	Second_Closest_DC	Demand_Commodity1_Quantity	Demand_Commodity2_Quantity	Demand_Commodity3_Quantity	
8	45	68	6	7	30	43	9	
9	65	62	6	7	23	43	7	
10	45	70	6	7	19	41	0	
11	65	60	6	7	32	21	0	
12	42	66	6	7	22	15	7	
13	68	64	6	7	37	14	6	
14	68	62	6	7	32	3	17	
15	68	65	6	7	13	5	11	
16	40	69	6	7	30	20	11	
17	40	66	6	7	20	14	0	
18	70	64	6	7	9	20	0	
19	38	68	6	7	19	39	0	
20	38	70	6	7	7	23	1	
21	72	60	6	7	8	23	1	
22	35	66	6	7	18	21	0	
23	75	64	6	7	17	23	0	
24	35	69	6	7	27	18	0	
25	75	61	6	7	19	16	0	
26	25	85	6	7	11	6	5	
27	85	45	6	7	11	4	7	
28	88	55	6	7	15	15	14	
29	22	85	6	7	23	9	4	
30	88	45	6	7	18	8	6	
31	20	80	6	7	21	1	0	
32	90	50	6	7	19	1	0	

Scenario: 2; Probability: 0.04

Distribution_Center_ID	X_Coordinate	Y_Coordinate	Demand_Commodity1_Quantity	Demand_Commodity2_Quantity	Demand_Commodity3_Quantity	
6	37	43	1137	1109	228	
7	25	37	0	0	0	

Customer_ID	X_Coordinate	Y_Coordinate	Closest_DC	Second_Closest_DC	Demand_Commodity1_Quantity	Demand_Commodity2_Quantity	Demand_Commodity3_Quantity	
8	45	68	6	7	55	91	19	
9	65	62	6	7	66	112	16	
10	45	70	6	7	60	81	0	
11	65	60	6	7	81	78	0	
12	42	66	6	7	46	38	11	
13	68	64	6	7	62	36	11	
14	68	62	6	7	53	8	34	
15	68	65	6	7	35	14	21	
16	40	69	6	7	52	40	28	
17	40	66	6	7	39	33	0	
18	70	64	6	7	27	53	0	
19	38	68	6	7	42	85	0	
20	38	70	6	7	14	66	1	
21	72	60	6	7	17	64	2	
22	35	66	6	7	44	55	0	
23	75	64	6	7	58	54	0	
24	35	69	6	7	57	40	0	
25	75	61	6	7	44	40	0	
26	25	85	6	7	25	14	15	
27	85	45	6	7	19	16	14	
28	88	55	6	7	56	36	28	
29	22	85	6	7	50	20	12	
30	88	45	6	7	51	30	16	
31	20	80	6	7	51	2	0	
32	90	50	6	7	33	3	0	

Scenario: 3; Probability: 0.04

Distribution_Center_ID	X_Coordinate	Y_Coordinate	Demand_Commodity1_Quantity	Demand_Commodity2_Quantity	Demand_Commodity3_Quantity	
6	37	43	1160	1061	240	
7	25	37	0	0	0	

Customer_ID	X_Coordinate	Y_Coordinate	Closest_DC	Second_Closest_DC	Demand_Commodity1_Quantity	Demand_Commodity2_Quantity	Demand_Commodity3_Quantity	
8	45	68	6	7	50	102	21	
9	65	62	6	7	60	94	12	
10	45	70	6	7	65	69	0	
11	65	60	6	7	56	59	0	
12	42	66	6	7	57	35	14	
13	68	64	6	7	91	39	13	
14	68	62	6	7	66	8	39	
15	68	65	6	7	39	15	26	
16	40	69	6	7	50	44	28	
17	40	66	6	7	50	47	0	
18	70	64	6	7	32	70	0	
19	38	68	6	7	57	85	0	
20	38	70	6	7	15	49	2	
21	72	60	6	7	17	52	1	
22	35	66	6	7	55	41	0	
23	75	64	6	7	46	50	0	
24	35	69	6	7	49	41	0	
25	75	61	6	7	55	35	0	
26	25	85	6	7	22	12	15	
27	85	45	6	7	27	15	16	
28	88	55	6	7	44	49	28	
29	22	85	6	7	47	18	11	
30	88	45	6	7	36	27	14	
31	20	80	6	7	41	3	0	
32	90	50	6	7	33	2	0	

Scenario: 4; Probability: 0.04

Distribution_Center_ID	X_Coordinate	Y_Coordinate	Demand_Commodity1_Quantity	Demand_Commodity2_Quantity	Demand_Commodity3_Quantity	
6	37	43	1165	1039	245	
7	25	37	0	0	0	

Customer_ID	X_Coordinate	Y_Coordinate	Closest_DC	Second_Closest_DC	Demand_Commodity1_Quantity	Demand_Commodity2_Quantity	Demand_Commodity3_Quantity	
8	45	68	6	7	50	88	18	
9	65	62	6	7	66	107	15	
10	45	70	6	7	66	101	0	
11	65	60	6	7	52	58	0	
12	42	66	6	7	40	33	10	
13	68	64	6	7	83	29	10	
14	68	62	6	7	62	9	39	
15	68	65	6	7	42	11	32	
16	40	69	6	7	59	29	29	
17	40	66	6	7	30	49	0	
18	70	64	6	7	25	51	0	
19	38	68	6	7	54	70	0	
20	38	70	6	7	17	64	2	
21	72	60	6	7	17	63	2	
22	35	66	6	7	63	40	0	
23	75	64	6	7	45	46	0	
24	35	69	6	7	61	37	0	
25	75	61	6	7	60	36	0	
26	25	85	6	7	25	10	10	
27	85	45	6	7	18	14	16	
28	88	55	6	7	50	48	37	
29	22	85	6	7	50	21	9	
30	88	45	6	7	45	20	16	
31	20	80	6	7	53	3	0	
32	90	50	6	7	32	2	0	

Scenario: 5; Probability: 0.04

Distribution_Center_ID	X_Coordinate	Y_Coordinate	Demand_Commodity1_Quantity	Demand_Commodity2_Quantity	Demand_Commodity3_Quantity	
6	37	43	1302	1193	267	
7	25	37	0	0	0	

Customer_ID	X_Coordinate	Y_Coordinate	Closest_DC	Second_Closest_DC	Demand_Commodity1_Quantity	Demand_Commodity2_Quantity	Demand_Commodity3_Quantity	
8	45	68	6	7	64	152	25	
9	65	62	6	7	63	90	19	
10	45	70	6	7	52	96	0	
11	65	60	6	7	68	76	0	
12	42	66	6	7	57	50	15	
13	68	64	6	7	79	33	15	
14	68	62	6	7	53	9	50	
15	68	65	6	7	31	14	30	
16	40	69	6	7	76	44	23	
17	40	66	6	7	48	53	0	
18	70	64	6	7	34	65	0	
19	38	68	6	7	61	86	0	
20	38	70	6	7	17	58	1	
21	72	60	6	7	16	72	1	
22	35	66	6	7	54	44	0	
23	75	64	6	7	60	56	0	
24	35	69	6	7	84	40	0	
25	75	61	6	7	74	32	0	
26	25	85	6	7	24	11	15	
27	85	45	6	7	19	11	16	
28	88	55	6	7	56	46	35	
29	22	85	6	7	58	22	9	
30	88	45	6	7	55	28	13	
31	20	80	6	7	58	2	0	
32	90	50	6	7	41	3	0	

Scenario: 6; Probability: 0.04

Distribution_Center_ID	X_Coordinate	Y_Coordinate	Demand_Commodity1_Quantity	Demand_Commodity2_Quantity	Demand_Commodity3_Quantity	
6	37	43	1280	1186	261	
7	25	37	0	0	0	

Customer_ID	X_Coordinate	Y_Coordinate	Closest_DC	Second_Closest_DC	Demand_Commodity1_Quantity	Demand_Commodity2_Quantity	Demand_Commodity3_Quantity	
8	45	68	6	7	61	136	29	
9	65	62	6	7	81	87	14	
10	45	70	6	7	69	103	0	
11	65	60	6	7	57	83	0	
12	42	66	6	7	53	35	11	
13	68	64	6	7	87	30	10	
14	68	62	6	7	73	8	38	
15	68	65	6	7	43	17	32	
16	40	69	6	7	73	47	34	
17	40	66	6	7	55	41	0	
18	70	64	6	7	35	63	0	
19	38	68	6	7	48	71	0	
20	38	70	6	7	21	69	2	
21	72	60	6	7	20	51	2	
22	35	66	6	7	45	50	0	
23	75	64	6	7	68	61	0	
24	35	69	6	7	58	54	0	
25	75	61	6	7	49	42	0	
26	25	85	6	7	26	13	12	
27	85	45	6	7	20	15	16	
28	88	55	6	7	44	51	31	
29	22	85	6	7	52	19	12	
30	88	45	6	7	53	32	18	
31	20	80	6	7	54	4	0	
32	90	50	6	7	35	4	0	

Scenario: 7; Probability: 0.04

Distribution_Center_ID	X_Coordinate	Y_Coordinate	Demand_Commodity1_Quantity	Demand_Commodity2_Quantity	Demand_Commodity3_Quantity	
6	37	43	1224	1192	264	
7	25	37	0	0	0	

Customer_ID	X_Coordinate	Y_Coordinate	Closest_DC	Second_Closest_DC	Demand_Commodity1_Quantity	Demand_Commodity2_Quantity	Demand_Commodity3_Quantity	
8	45	68	6	7	57	128	18	
9	65	62	6	7	63	112	14	
10	45	70	6	7	56	102	0	
11	65	60	6	7	62	72	0	
12	42	66	6	7	70	40	13	
13	68	64	6	7	80	35	15	
14	68	62	6	7	59	7	41	
15	68	65	6	7	39	15	26	
16	40	69	6	7	51	32	32	
17	40	66	6	7	43	48	0	
18	70	64	6	7	26	76	0	
19	38	68	6	7	40	84	0	
20	38	70	6	7	14	51	2	
21	72	60	6	7	19	48	2	
22	35	66	6	7	67	41	0	
23	75	64	6	7	65	69	0	
24	35	69	6	7	67	52	0	
25	75	61	6	7	69	43	0	
26	25	85	6	7	17	13	12	
27	85	45	6	7	26	15	17	
28	88	55	6	7	46	51	42	
29	22	85	6	7	53	24	13	
30	88	45	6	7	50	30	17	
31	20	80	6	7	53	2	0	
32	90	50	6	7	32	2	0	

Scenario: 8; Probability: 0.04

Distribution_Center_ID	X_Coordinate	Y_Coordinate	Demand_Commodity1_Quantity	Demand_Commodity2_Quantity	Demand_Commodity3_Quantity	
6	37	43	721	628	140	
7	25	37	0	0	0	

Customer_ID	X_Coordinate	Y_Coordinate	Closest_DC	Second_Closest_DC	Demand_Commodity1_Quantity	Demand_Commodity2_Quantity	Demand_Commodity3_Quantity	
8	45	68	6	7	32	74	12	
9	65	62	6	7	48	48	8	
10	45	70	6	7	29	64	0	
11	65	60	6	7	41	37	0	
12	42	66	6	7	29	18	9	
13	68	64	6	7	52	18	6	
14	68	62	6	7	47	4	21	
15	68	65	6	7	27	8	15	
16	40	69	6	7	40	19	13	
17	40	66	6	7	26	19	0	
18	70	64	6	7	20	40	0	
19	38	68	6	7	24	52	0	
20	38	70	6	7	12	29	1	
21	72	60	6	7	12	33	1	
22	35	66	6	7	27	21	0	
23	75	64	6	7	35	32	0	
24	35	69	6	7	30	26	0	
25	75	61	6	7	31	16	0	
26	25	85	6	7	11	6	8	
27	85	45	6	7	16	9	7	
28	88	55	6	7	20	26	23	
29	22	85	6	7	28	13	8	
30	88	45	6	7	28	12	8	
31	20	80	6	7	33	2	0	
32	90	50	6	7	23	2	0	

Scenario: 9; Probability: 0.04

Distribution_Center_ID	X_Coordinate	Y_Coordinate	Demand_Commodity1_Quantity	Demand_Commodity2_Quantity	Demand_Commodity3_Quantity	
6	37	43	1304	1191	252	
7	25	37	0	0	0	

Customer_ID	X_Coordinate	Y_Coordinate	Closest_DC	Second_Closest_DC	Demand_Commodity1_Quantity	Demand_Commodity2_Quantity	Demand_Commodity3_Quantity	
8	45	68	6	7	56	146	21	
9	65	62	6	7	92	78	18	
10	45	70	6	7	54	94	0	
11	65	60	6	7	60	71	0	
12	42	66	6	7	63	53	13	
13	68	64	6	7	84	44	11	
14	68	62	6	7	67	9	52	
15	68	65	6	7	49	18	27	
16	40	69	6	7	72	33	29	
17	40	66	6	7	45	43	0	
18	70	64	6	7	37	79	0	
19	38	68	6	7	59	104	0	
20	38	70	6	7	16	55	2	
21	72	60	6	7	19	77	2	
22	35	66	6	7	56	44	0	
23	75	64	6	7	43	48	0	
24	35	69	6	7	82	37	0	
25	75	61	6	7	49	29	0	
26	25	85	6	7	17	11	13	
27	85	45	6	7	27	11	12	
28	88	55	6	7	41	51	27	
29	22	85	6	7	62	18	13	
30	88	45	6	7	50	32	12	
31	20	80	6	7	66	3	0	
32	90	50	6	7	38	3	0	

Scenario: 10; Probability: 0.04

Distribution_Center_ID	X_Coordinate	Y_Coordinate	Demand_Commodity1_Quantity	Demand_Commodity2_Quantity	Demand_Commodity3_Quantity	
6	37	43	1306	1192	263	
7	25	37	0	0	0	

Customer_ID	X_Coordinate	Y_Coordinate	Closest_DC	Second_Closest_DC	Demand_Commodity1_Quantity	Demand_Commodity2_Quantity	Demand_Commodity3_Quantity	
8	45	68	6	7	68	123	24	
9	65	62	6	7	69	107	23	
10	45	70	6	7	56	98	0	
11	65	60	6	7	76	80	0	
12	42	66	6	7	56	44	15	
13	68	64	6	7	72	32	11	
14	68	62	6	7	79	7	41	
15	68	65	6	7	32	15	26	
16	40	69	6	7	64	36	29	
17	40	66	6	7	35	53	0	
18	70	64	6	7	25	71	0	
19	38	68	6	7	53	81	0	
20	38	70	6	7	21	70	1	
21	72	60	6	7	16	79	1	
22	35	66	6	7	66	43	0	
23	75	64	6	7	64	53	0	
24	35	69	6	7	64	47	0	
25	75	61	6	7	71	37	0	
26	25	85	6	7	26	11	12	
27	85	45	6	7	21	14	16	
28	88	55	6	7	53	37	41	
29	22	85	6	7	55	19	10	
30	88	45	6	7	48	30	13	
31	20	80	6	7	68	2	0	
32	90	50	6	7	48	3	0	

Scenario: 11; Probability: 0.04

Distribution_Center_ID	X_Coordinate	Y_Coordinate	Demand_Commodity1_Quantity	Demand_Commodity2_Quantity	Demand_Commodity3_Quantity	
6	37	43	782	728	173	
7	25	37	0	0	0	

Customer_ID	X_Coordinate	Y_Coordinate	Closest_DC	Second_Closest_DC	Demand_Commodity1_Quantity	Demand_Commodity2_Quantity	Demand_Commodity3_Quantity	
8	45	68	6	7	31	69	12	
9	65	62	6	7	57	68	13	
10	45	70	6	7	29	63	0	
11	65	60	6	7	50	40	0	
12	42	66	6	7	44	28	10	
13	68	64	6	7	52	23	10	
14	68	62	6	7	48	5	32	
15	68	65	6	7	23	8	22	
16	40	69	6	7	31	22	18	
17	40	66	6	7	21	26	0	
18	70	64	6	7	16	49	0	
19	38	68	6	7	36	59	0	
20	38	70	6	7	14	39	1	
21	72	60	6	7	12	44	1	
22	35	66	6	7	32	34	0	
23	75	64	6	7	42	39	0	
24	35	69	6	7	36	26	0	
25	75	61	6	7	43	17	0	
26	25	85	6	7	16	8	8	
27	85	45	6	7	13	9	10	
28	88	55	6	7	28	21	18	
29	22	85	6	7	27	13	7	
30	88	45	6	7	23	14	11	
31	20	80	6	7	38	2	0	
32	90	50	6	7	20	2	0	

Scenario: 12; Probability: 0.04

Distribution_Center_ID	X_Coordinate	Y_Coordinate	Demand_Commodity1_Quantity	Demand_Commodity2_Quantity	Demand_Commodity3_Quantity	
6	37	43	1300	1205	264	
7	25	37	0	0	0	

Customer_ID	X_Coordinate	Y_Coordinate	Closest_DC	Second_Closest_DC	Demand_Commodity1_Quantity	Demand_Commodity2_Quantity	Demand_Commodity3_Quantity	
8	45	68	6	7	57	100	22	
9	65	62	6	7	102	85	17	
10	45	70	6	7	56	114	0	
11	65	60	6	7	66	70	0	
12	42	66	6	7	72	34	10	
13	68	64	6	7	100	40	14	
14	68	62	6	7	62	8	51	
15	68	65	6	7	35	14	26	
16	40	69	6	7	65	52	31	
17	40	66	6	7	42	45	0	
18	70	64	6	7	34	77	0	
19	38	68	6	7	47	89	0	
20	38	70	6	7	22	61	1	
21	72	60	6	7	15	57	1	
22	35	66	6	7	50	60	0	
23	75	64	6	7	56	54	0	
24	35	69	6	7	78	56	0	
25	75	61	6	7	65	43	0	
26	25	85	6	7	19	16	18	
27	85	45	6	7	18	14	13	
28	88	55	6	7	61	57	32	
29	22	85	6	7	54	23	13	
30	88	45	6	7	36	30	15	
31	20	80	6	7	55	3	0	
32	90	50	6	7	33	3	0	

Scenario: 13; Probability: 0.04

Distribution_Center_ID	X_Coordinate	Y_Coordinate	Demand_Commodity1_Quantity	Demand_Commodity2_Quantity	Demand_Commodity3_Quantity	
6	37	43	830	724	166	
7	25	37	0	0	0	

Customer_ID	X_Coordinate	Y_Coordinate	Closest_DC	Second_Closest_DC	Demand_Commodity1_Quantity	Demand_Commodity2_Quantity	Demand_Commodity3_Quantity	
8	45	68	6	7	39	63	13	
9	65	62	6	7	44	49	12	
10	45	70	6	7	37	63	0	
11	65	60	6	7	46	35	0	
12	42	66	6	7	46	21	9	
13	68	64	6	7	55	27	10	
14	68	62	6	7	38	5	26	
15	68	65	6	7	29	11	17	
16	40	69	6	7	38	26	20	
17	40	66	6	7	30	25	0	
18	70	64	6	7	21	43	0	
19	38	68	6	7	39	60	0	
20	38	70	6	7	13	49	1	
21	72	60	6	7	14	45	1	
22	35	66	6	7	42	25	0	
23	75	64	6	7	38	31	0	
24	35	69	6	7	33	34	0	
25	75	61	6	7	43	27	0	
26	25	85	6	7	17	8	10	
27	85	45	6	7	19	10	10	
28	88	55	6	7	23	32	20	
29	22	85	6	7	38	16	8	
30	88	45	6	7	26	14	9	
31	20	80	6	7	37	3	0	
32	90	50	6	7	25	2	0	

Scenario: 14; Probability: 0.04

Distribution_Center_ID	X_Coordinate	Y_Coordinate	Demand_Commodity1_Quantity	Demand_Commodity2_Quantity	Demand_Commodity3_Quantity	
6	37	43	1123	982	212	
7	25	37	0	0	0	

Customer_ID	X_Coordinate	Y_Coordinate	Closest_DC	Second_Closest_DC	Demand_Commodity1_Quantity	Demand_Commodity2_Quantity	Demand_Commodity3_Quantity	
8	45	68	6	7	65	81	20	
9	65	62	6	7	76	92	13	
10	45	70	6	7	64	83	0	
11	65	60	6	7	65	71	0	
12	42	66	6	7	55	43	9	
13	68	64	6	7	62	33	14	
14	68	62	6	7	63	8	46	
15	68	65	6	7	40	17	22	
16	40	69	6	7	64	32	19	
17	40	66	6	7	34	36	0	
18	70	64	6	7	20	49	0	
19	38	68	6	7	40	85	0	
20	38	70	6	7	12	47	1	
21	72	60	6	7	15	44	1	
22	35	66	6	7	59	34	0	
23	75	64	6	7	53	52	0	
24	35	69	6	7	47	34	0	
25	75	61	6	7	43	34	0	
26	25	85	6	7	20	8	10	
27	85	45	6	7	17	13	12	
28	88	55	6	7	35	41	24	
29	22	85	6	7	47	19	11	
30	88	45	6	7	36	21	10	
31	20	80	6	7	49	3	0	
32	90	50	6	7	42	2	0	

Scenario: 15; Probability: 0.04

Distribution_Center_ID	X_Coordinate	Y_Coordinate	Demand_Commodity1_Quantity	Demand_Commodity2_Quantity	Demand_Commodity3_Quantity	
6	37	43	830	752	183	
7	25	37	0	0	0	

Customer_ID	X_Coordinate	Y_Coordinate	Closest_DC	Second_Closest_DC	Demand_Commodity1_Quantity	Demand_Commodity2_Quantity	Demand_Commodity3_Quantity	
8	45	68	6	7	47	62	18	
9	65	62	6	7	50	54	12	
10	45	70	6	7	49	51	0	
11	65	60	6	7	49	54	0	
12	42	66	6	7	41	30	11	
13	68	64	6	7	49	26	8	
14	68	62	6	7	47	5	29	
15	68	65	6	7	32	9	20	
16	40	69	6	7	35	26	17	
17	40	66	6	7	23	29	0	
18	70	64	6	7	22	37	0	
19	38	68	6	7	43	66	0	
20	38	70	6	7	11	52	1	
21	72	60	6	7	14	41	1	
22	35	66	6	7	30	25	0	
23	75	64	6	7	29	45	0	
24	35	69	6	7	38	26	0	
25	75	61	6	7	35	22	0	
26	25	85	6	7	13	9	11	
27	85	45	6	7	14	8	11	
28	88	55	6	7	32	35	24	
29	22	85	6	7	30	17	9	
30	88	45	6	7	23	19	11	
31	20	80	6	7	44	2	0	
32	90	50	6	7	30	2	0	

Scenario: 16; Probability: 0.04

Distribution_Center_ID	X_Coordinate	Y_Coordinate	Demand_Commodity1_Quantity	Demand_Commodity2_Quantity	Demand_Commodity3_Quantity	
6	37	43	1302	1191	264	
7	25	37	0	0	0	

Customer_ID	X_Coordinate	Y_Coordinate	Closest_DC	Second_Closest_DC	Demand_Commodity1_Quantity	Demand_Commodity2_Quantity	Demand_Commodity3_Quantity	
8	45	68	6	7	81	146	21	
9	65	62	6	7	94	77	18	
10	45	70	6	7	61	111	0	
11	65	60	6	7	67	66	0	
12	42	66	6	7	60	46	11	
13	68	64	6	7	67	43	15	
14	68	62	6	7	81	7	51	
15	68	65	6	7	47	17	26	
16	40	69	6	7	51	53	27	
17	40	66	6	7	56	38	0	
18	70	64	6	7	33	67	0	
19	38	68	6	7	44	74	0	
20	38	70	6	7	20	66	1	
21	72	60	6	7	17	52	1	
22	35	66	6	7	57	59	0	
23	75	64	6	7	64	60	0	
24	35	69	6	7	76	51	0	
25	75	61	6	7	58	42	0	
26	25	85	6	7	21	9	12	
27	85	45	6	7	30	14	12	
28	88	55	6	7	45	43	39	
29	22	85	6	7	43	22	15	
30	88	45	6	7	40	24	15	
31	20	80	6	7	47	2	0	
32	90	50	6	7	42	2	0	

Scenario: 17; Probability: 0.04

Distribution_Center_ID	X_Coordinate	Y_Coordinate	Demand_Commodity1_Quantity	Demand_Commodity2_Quantity	Demand_Commodity3_Quantity	
6	37	43	414	384	92	
7	25	37	0	0	0	

Customer_ID	X_Coordinate	Y_Coordinate	Closest_DC	Second_Closest_DC	Demand_Commodity1_Quantity	Demand_Commodity2_Quantity	Demand_Commodity3_Quantity	
8	45	68	6	7	23	40	9	
9	65	62	6	7	30	30	6	
10	45	70	6	7	19	29	0	
11	65	60	6	7	19	21	0	
12	42	66	6	7	17	17	4	
13	68	64	6	7	30	13	5	
14	68	62	6	7	18	2	17	
15	68	65	6	7	12	5	9	
16	40	69	6	7	23	15	9	
17	40	66	6	7	14	15	0	
18	70	64	6	7	11	26	0	
19	38	68	6	7	16	31	0	
20	38	70	6	7	6	20	1	
21	72	60	6	7	7	17	1	
22	35	66	6	7	17	13	0	
23	75	64	6	7	16	16	0	
24	35	69	6	7	22	15	0	
25	75	61	6	7	24	12	0	
26	25	85	6	7	8	4	4	
27	85	45	6	7	8	4	6	
28	88	55	6	7	14	19	13	
29	22	85	6	7	15	7	4	
30	88	45	6	7	14	11	4	
31	20	80	6	7	18	1	0	
32	90	50	6	7	13	1	0	

Scenario: 18; Probability: 0.04

Distribution_Center_ID	X_Coordinate	Y_Coordinate	Demand_Commodity1_Quantity	Demand_Commodity2_Quantity	Demand_Commodity3_Quantity	
6	37	43	619	573	119	
7	25	37	0	0	0	

Customer_ID	X_Coordinate	Y_Coordinate	Closest_DC	Second_Closest_DC	Demand_Commodity1_Quantity	Demand_Commodity2_Quantity	Demand_Commodity3_Quantity	
8	45	68	6	7	32	49	10	
9	65	62	6	7	29	47	8	
10	45	70	6	7	34	35	0	
11	65	60	6	7	32	38	0	
12	42	66	6	7	35	22	6	
13	68	64	6	7	39	20	6	
14	68	62	6	7	34	4	18	
15	68	65	6	7	18	9	15	
16	40	69	6	7	36	24	13	
17	40	66	6	7	20	26	0	
18	70	64	6	7	15	30	0	
19	38	68	6	7	24	49	0	
20	38	70	6	7	11	31	1	
21	72	60	6	7	9	30	1	
22	35	66	6	7	30	28	0	
23	75	64	6	7	33	26	0	
24	35	69	6	7	37	26	0	
25	75	61	6	7	24	20	0	
26	25	85	6	7	13	5	6	
27	85	45	6	7	11	6	8	
28	88	55	6	7	19	21	13	
29	22	85	6	7	21	11	6	
30	88	45	6	7	19	13	8	
31	20	80	6	7	23	2	0	
32	90	50	6	7	21	1	0	

Scenario: 19; Probability: 0.04

Distribution_Center_ID	X_Coordinate	Y_Coordinate	Demand_Commodity1_Quantity	Demand_Commodity2_Quantity	Demand_Commodity3_Quantity	
6	37	43	938	940	198	
7	25	37	0	0	0	

Customer_ID	X_Coordinate	Y_Coordinate	Closest_DC	Second_Closest_DC	Demand_Commodity1_Quantity	Demand_Commodity2_Quantity	Demand_Commodity3_Quantity	
8	45	68	6	7	43	103	23	
9	65	62	6	7	48	89	13	
10	45	70	6	7	38	76	0	
11	65	60	6	7	54	51	0	
12	42	66	6	7	43	34	12	
13	68	64	6	7	72	27	9	
14	68	62	6	7	63	6	27	
15	68	65	6	7	35	12	19	
16	40	69	6	7	42	36	26	
17	40	66	6	7	33	34	0	
18	70	64	6	7	19	51	0	
19	38	68	6	7	41	68	0	
20	38	70	6	7	13	49	1	
21	72	60	6	7	12	39	2	
22	35	66	6	7	35	41	0	
23	75	64	6	7	47	54	0	
24	35	69	6	7	40	34	0	
25	75	61	6	7	39	32	0	
26	25	85	6	7	14	9	10	
27	85	45	6	7	21	12	10	
28	88	55	6	7	41	38	21	
29	22	85	6	7	44	15	11	
30	88	45	6	7	40	24	14	
31	20	80	6	7	36	3	0	
32	90	50	6	7	25	3	0	

Scenario: 20; Probability: 0.04

Distribution_Center_ID	X_Coordinate	Y_Coordinate	Demand_Commodity1_Quantity	Demand_Commodity2_Quantity	Demand_Commodity3_Quantity	
6	37	43	912	930	192	
7	25	37	0	0	0	

Customer_ID	X_Coordinate	Y_Coordinate	Closest_DC	Second_Closest_DC	Demand_Commodity1_Quantity	Demand_Commodity2_Quantity	Demand_Commodity3_Quantity	
8	45	68	6	7	40	100	20	
9	65	62	6	7	70	72	14	
10	45	70	6	7	53	64	0	
11	65	60	6	7	49	63	0	
12	42	66	6	7	36	29	8	
13	68	64	6	7	52	26	10	
14	68	62	6	7	39	6	31	
15	68	65	6	7	31	11	21	
16	40	69	6	7	43	37	17	
17	40	66	6	7	40	38	0	
18	70	64	6	7	27	38	0	
19	38	68	6	7	33	74	0	
20	38	70	6	7	13	58	1	
21	72	60	6	7	13	58	1	
22	35	66	6	7	33	33	0	
23	75	64	6	7	33	47	0	
24	35	69	6	7	58	40	0	
25	75	61	6	7	46	33	0	
26	25	85	6	7	13	9	10	
27	85	45	6	7	16	10	12	
28	88	55	6	7	39	40	25	
29	22	85	6	7	34	15	11	
30	88	45	6	7	36	24	11	
31	20	80	6	7	38	3	0	
32	90	50	6	7	27	2	0	

Scenario: 21; Probability: 0.04

Distribution_Center_ID	X_Coordinate	Y_Coordinate	Demand_Commodity1_Quantity	Demand_Commodity2_Quantity	Demand_Commodity3_Quantity	
6	37	43	621	547	128	
7	25	37	0	0	0	

Customer_ID	X_Coordinate	Y_Coordinate	Closest_DC	Second_Closest_DC	Demand_Commodity1_Quantity	Demand_Commodity2_Quantity	Demand_Commodity3_Quantity	
8	45	68	6	7	24	64	9	
9	65	62	6	7	32	42	7	
10	45	70	6	7	32	36	0	
11	65	60	6	7	39	31	0	
12	42	66	6	7	33	17	6	
13	68	64	6	7	35	14	6	
14	68	62	6	7	35	5	17	
15	68	65	6	7	22	9	17	
16	40	69	6	7	29	20	16	
17	40	66	6	7	26	21	0	
18	70	64	6	7	15	29	0	
19	38	68	6	7	27	50	0	
20	38	70	6	7	9	28	1	
21	72	60	6	7	10	26	1	
22	35	66	6	7	30	24	0	
23	75	64	6	7	31	34	0	
24	35	69	6	7	27	18	0	
25	75	61	6	7	27	19	0	
26	25	85	6	7	11	6	9	
27	85	45	6	7	9	7	9	
28	88	55	6	7	22	24	18	
29	22	85	6	7	30	9	5	
30	88	45	6	7	24	11	7	
31	20	80	6	7	26	2	0	
32	90	50	6	7	16	1	0	

Scenario: 22; Probability: 0.04

Distribution_Center_ID	X_Coordinate	Y_Coordinate	Demand_Commodity1_Quantity	Demand_Commodity2_Quantity	Demand_Commodity3_Quantity	
6	37	43	463	405	96	
7	25	37	0	0	0	

Customer_ID	X_Coordinate	Y_Coordinate	Closest_DC	Second_Closest_DC	Demand_Commodity1_Quantity	Demand_Commodity2_Quantity	Demand_Commodity3_Quantity	
8	45	68	6	7	20	36	8	
9	65	62	6	7	34	38	6	
10	45	70	6	7	28	39	0	
11	65	60	6	7	24	21	0	
12	42	66	6	7	22	12	5	
13	68	64	6	7	36	12	5	
14	68	62	6	7	23	3	16	
15	68	65	6	7	12	7	10	
16	40	69	6	7	17	12	12	
17	40	66	6	7	16	18	0	
18	70	64	6	7	13	21	0	
19	38	68	6	7	17	28	0	
20	38	70	6	7	8	21	1	
21	72	60	6	7	7	23	1	
22	35	66	6	7	19	18	0	
23	75	64	6	7	19	18	0	
24	35	69	6	7	26	16	0	
25	75	61	6	7	22	15	0	
26	25	85	6	7	7	4	5	
27	85	45	6	7	11	6	6	
28	88	55	6	7	20	17	10	
29	22	85	6	7	16	8	5	
30	88	45	6	7	12	9	6	
31	20	80	6	7	19	1	0	
32	90	50	6	7	15	2	0	

Scenario: 23; Probability: 0.04

Distribution_Center_ID	X_Coordinate	Y_Coordinate	Demand_Commodity1_Quantity	Demand_Commodity2_Quantity	Demand_Commodity3_Quantity	
6	37	43	1121	1045	237	
7	25	37	0	0	0	

Customer_ID	X_Coordinate	Y_Coordinate	Closest_DC	Second_Closest_DC	Demand_Commodity1_Quantity	Demand_Commodity2_Quantity	Demand_Commodity3_Quantity	
8	45	68	6	7	54	123	18	
9	65	62	6	7	59	88	18	
10	45	70	6	7	57	97	0	
11	65	60	6	7	65	56	0	
12	42	66	6	7	58	45	11	
13	68	64	6	7	78	35	10	
14	68	62	6	7	58	8	48	
15	68	65	6	7	39	12	20	
16	40	69	6	7	47	35	31	
17	40	66	6	7	36	33	0	
18	70	64	6	7	26	43	0	
19	38	68	6	7	36	83	0	
20	38	70	6	7	14	64	1	
21	72	60	6	7	18	48	2	
22	35	66	6	7	61	44	0	
23	75	64	6	7	42	44	0	
24	35	69	6	7	57	43	0	
25	75	61	6	7	63	39	0	
26	25	85	6	7	22	11	14	
27	85	45	6	7	17	14	11	
28	88	55	6	7	51	34	32	
29	22	85	6	7	35	15	10	
30	88	45	6	7	45	25	11	
31	20	80	6	7	38	3	0	
32	90	50	6	7	45	3	0	

Scenario: 24; Probability: 0.04

Distribution_Center_ID	X_Coordinate	Y_Coordinate	Demand_Commodity1_Quantity	Demand_Commodity2_Quantity	Demand_Commodity3_Quantity	
6	37	43	840	778	183	
7	25	37	0	0	0	

Customer_ID	X_Coordinate	Y_Coordinate	Closest_DC	Second_Closest_DC	Demand_Commodity1_Quantity	Demand_Commodity2_Quantity	Demand_Commodity3_Quantity	
8	45	68	6	7	38	97	16	
9	65	62	6	7	65	49	10	
10	45	70	6	7	44	76	0	
11	65	60	6	7	50	47	0	
12	42	66	6	7	40	25	7	
13	68	64	6	7	53	19	10	
14	68	62	6	7	36	6	37	
15	68	65	6	7	32	13	19	
16	40	69	6	7	47	27	20	
17	40	66	6	7	23	27	0	
18	70	64	6	7	20	51	0	
19	38	68	6	7	39	56	0	
20	38	70	6	7	10	37	2	
21	72	60	6	7	10	40	1	
22	35	66	6	7	32	31	0	
23	75	64	6	7	33	35	0	
24	35	69	6	7	36	31	0	
25	75	61	6	7	38	29	0	
26	25	85	6	7	15	8	8	
27	85	45	6	7	12	8	10	
28	88	55	6	7	34	31	23	
29	22	85	6	7	34	11	9	
30	88	45	6	7	34	20	11	
31	20	80	6	7	34	2	0	
32	90	50	6	7	31	2	0	

Scenario: 25; Probability: 0.04

Distribution_Center_ID	X_Coordinate	Y_Coordinate	Demand_Commodity1_Quantity	Demand_Commodity2_Quantity	Demand_Commodity3_Quantity	
6	37	43	780	730	153	
7	25	37	0	0	0	

Customer_ID	X_Coordinate	Y_Coordinate	Closest_DC	Second_Closest_DC	Demand_Commodity1_Quantity	Demand_Commodity2_Quantity	Demand_Commodity3_Quantity	
8	45	68	6	7	40	83	14	
9	65	62	6	7	58	58	8	
10	45	70	6	7	30	70	0	
11	65	60	6	7	45	34	0	
12	42	66	6	7	33	21	7	
13	68	64	6	7	52	17	10	
14	68	62	6	7	38	5	31	
15	68	65	6	7	27	11	16	
16	40	69	6	7	44	25	18	
17	40	66	6	7	28	30	0	
18	70	64	6	7	19	41	0	
19	38	68	6	7	30	61	0	
20	38	70	6	7	12	32	1	
21	72	60	6	7	11	41	1	
22	35	66	6	7	39	34	0	
23	75	64	6	7	37	34	0	
24	35	69	6	7	43	30	0	
25	75	61	6	7	28	21	0	
26	25	85	6	7	15	9	7	
27	85	45	6	7	11	7	7	
28	88	55	6	7	31	27	18	
29	22	85	6	7	33	16	7	
30	88	45	6	7	21	19	8	
31	20	80	6	7	34	2	0	
32	90	50	6	7	21	2	0	

