Truck Capacity:	836


Travel_Time_Matrix (Suppliers, Distribution_Centers, Customers)
0	105	44	121	95	101	55	2147483647	2147483647	2147483647	2147483647	2147483647	2147483647	2147483647	2147483647	2147483647	2147483647	2147483647	2147483647	2147483647	2147483647	2147483647	2147483647	2147483647	2147483647	2147483647	2147483647	2147483647	2147483647	2147483647	2147483647	2147483647	
105	0	96	48	41	61	90	2147483647	2147483647	2147483647	2147483647	2147483647	2147483647	2147483647	2147483647	2147483647	2147483647	2147483647	2147483647	2147483647	2147483647	2147483647	2147483647	2147483647	2147483647	2147483647	2147483647	2147483647	2147483647	2147483647	2147483647	2147483647	
44	96	0	113	87	97	41	2147483647	2147483647	2147483647	2147483647	2147483647	2147483647	2147483647	2147483647	2147483647	2147483647	2147483647	2147483647	2147483647	2147483647	2147483647	2147483647	2147483647	2147483647	2147483647	2147483647	2147483647	2147483647	2147483647	2147483647	2147483647	
121	48	113	0	57	62	108	2147483647	2147483647	2147483647	2147483647	2147483647	2147483647	2147483647	2147483647	2147483647	2147483647	2147483647	2147483647	2147483647	2147483647	2147483647	2147483647	2147483647	2147483647	2147483647	2147483647	2147483647	2147483647	2147483647	2147483647	2147483647	
95	41	87	57	0	57	82	2147483647	2147483647	2147483647	2147483647	2147483647	2147483647	2147483647	2147483647	2147483647	2147483647	2147483647	2147483647	2147483647	2147483647	2147483647	2147483647	2147483647	2147483647	2147483647	2147483647	2147483647	2147483647	2147483647	2147483647	2147483647	
71	31	67	32	27	0	2147483647	31	56	32	56	26	60	60	60	25	24	63	22	24	65	18	69	20	69	32	85	87	32	89	26	90	
25	60	11	78	52	2147483647	0	37	17	36	19	41	12	15	11	43	43	11	46	45	16	50	12	49	16	65	40	31	69	42	70	38	
2147483647	2147483647	2147483647	2147483647	2147483647	61	67	0	58	33	59	35	61	62	61	37	38	64	40	40	68	44	70	44	71	65	91	90	68	95	67	94	
2147483647	2147483647	2147483647	2147483647	2147483647	86	47	58	0	59	33	61	35	34	36	65	64	38	67	68	40	70	44	71	44	91	65	62	95	68	94	67	
2147483647	2147483647	2147483647	2147483647	2147483647	62	66	33	59	0	60	37	62	63	62	37	39	64	40	40	69	45	71	44	72	63	93	91	67	96	66	95	
2147483647	2147483647	2147483647	2147483647	2147483647	86	49	59	33	60	0	62	37	35	38	66	64	39	68	69	40	71	45	72	44	93	63	62	96	67	95	66	
2147483647	2147483647	2147483647	2147483647	2147483647	56	71	35	61	37	62	0	65	65	65	35	33	68	36	38	71	40	74	41	75	64	94	93	67	97	65	97	
2147483647	2147483647	2147483647	2147483647	2147483647	90	42	61	35	62	37	65	0	33	32	68	68	33	70	71	38	74	40	75	41	94	64	59	97	67	97	65	
2147483647	2147483647	2147483647	2147483647	2147483647	90	45	62	34	63	35	65	33	0	34	69	68	34	71	71	36	74	40	75	40	95	62	58	98	65	98	64	
2147483647	2147483647	2147483647	2147483647	2147483647	90	41	61	36	62	38	65	32	34	0	68	67	33	70	71	39	74	40	74	41	93	65	60	97	68	97	66	
2147483647	2147483647	2147483647	2147483647	2147483647	55	73	37	65	37	66	35	68	69	68	0	34	71	33	33	74	38	77	37	78	59	98	96	62	101	61	101	
2147483647	2147483647	2147483647	2147483647	2147483647	54	73	38	64	39	64	33	68	68	67	34	0	70	34	36	73	37	77	38	77	62	96	95	65	100	63	100	
2147483647	2147483647	2147483647	2147483647	2147483647	93	41	64	38	64	39	68	33	34	33	71	70	0	73	73	36	77	37	77	38	96	62	57	100	65	100	63	
2147483647	2147483647	2147483647	2147483647	2147483647	52	76	40	67	40	68	36	70	71	70	33	34	73	0	33	77	35	80	35	80	59	100	99	61	103	59	103	
2147483647	2147483647	2147483647	2147483647	2147483647	54	75	40	68	40	69	38	71	71	71	33	36	73	33	0	77	37	80	35	81	57	101	99	59	104	58	104	
2147483647	2147483647	2147483647	2147483647	2147483647	95	46	68	40	69	40	71	38	36	39	74	73	36	77	77	0	80	37	81	35	101	57	53	104	59	104	58	
2147483647	2147483647	2147483647	2147483647	2147483647	48	80	44	70	45	71	40	74	74	74	38	37	77	35	37	80	0	83	34	84	59	102	102	61	106	58	106	
2147483647	2147483647	2147483647	2147483647	2147483647	99	42	70	44	71	45	74	40	40	40	77	77	37	80	80	37	83	0	84	34	102	59	51	106	61	106	58	
2147483647	2147483647	2147483647	2147483647	2147483647	50	79	44	71	44	72	41	75	75	74	37	38	77	35	35	81	34	84	0	84	55	104	103	58	107	55	107	
2147483647	2147483647	2147483647	2147483647	2147483647	99	46	71	44	72	44	75	41	40	41	78	77	38	80	81	35	84	34	84	0	104	55	49	107	58	107	55	
2147483647	2147483647	2147483647	2147483647	2147483647	62	95	65	91	63	93	64	94	95	93	59	62	96	59	57	101	59	102	55	104	0	126	123	34	129	40	128	
2147483647	2147483647	2147483647	2147483647	2147483647	115	70	91	65	93	63	94	64	62	65	98	96	62	100	101	57	102	59	104	55	126	0	44	129	34	128	40	
2147483647	2147483647	2147483647	2147483647	2147483647	117	61	90	62	91	62	93	59	58	60	96	95	57	99	99	53	102	51	103	49	123	44	0	126	44	126	38	
2147483647	2147483647	2147483647	2147483647	2147483647	62	99	68	95	67	96	67	97	98	97	62	65	100	61	59	104	61	106	58	107	34	129	126	0	132	38	131	
2147483647	2147483647	2147483647	2147483647	2147483647	119	72	95	68	96	67	97	67	65	68	101	100	65	103	104	59	106	61	107	58	129	34	44	132	0	131	38	
2147483647	2147483647	2147483647	2147483647	2147483647	56	100	67	94	66	95	65	97	98	97	61	63	100	59	58	104	58	106	55	107	40	128	126	38	131	0	131	
2147483647	2147483647	2147483647	2147483647	2147483647	120	68	94	67	95	66	97	65	64	66	101	100	63	103	104	58	106	58	107	55	128	40	38	131	38	131	0	


Supplier_ID	X_Coordinate	Y_Coordinate	Closest_DC	Second_Closest_DC	Supply_Commodity1_Quantity	Supply_Commodity2_Quantity	Supply_Commodity3_Quantity	
1	68	90	7	6	250	245	52	
2	37	43	6	7	250	245	52	
3	70	80	7	6	250	245	52	
4	25	37	6	7	250	245	52	
5	40	50	6	7	250	245	52	


Scenario: 1; Probability: 0.04

Distribution_Center_ID	X_Coordinate	Y_Coordinate	Demand_Commodity1_Quantity	Demand_Commodity2_Quantity	Demand_Commodity3_Quantity	
6	23	61	233	246	39	
7	72	72	255	238	65	

Customer_ID	X_Coordinate	Y_Coordinate	Closest_DC	Second_Closest_DC	Demand_Commodity1_Quantity	Demand_Commodity2_Quantity	Demand_Commodity3_Quantity	
8	45	68	6	7	34	56	8	
9	65	62	7	6	35	43	8	
10	45	70	6	7	23	28	0	
11	65	60	7	6	30	26	0	
12	42	66	6	7	27	18	6	
13	68	64	7	6	22	21	8	
14	68	62	7	6	17	6	14	
15	68	65	7	6	15	5	11	
16	40	69	6	7	16	11	13	
17	40	66	6	7	14	27	0	
18	70	64	7	6	15	24	0	
19	38	68	6	7	20	25	0	
20	38	70	6	7	7	24	1	
21	72	60	7	6	8	28	1	
22	35	66	6	7	19	20	0	
23	75	64	7	6	23	15	0	
24	35	69	6	7	30	20	0	
25	75	61	7	6	21	21	0	
26	25	85	6	7	9	5	5	
27	85	45	7	6	11	5	5	
28	88	55	7	6	17	28	14	
29	22	85	6	7	15	10	6	
30	88	45	7	6	19	15	4	
31	20	80	6	7	19	2	0	
32	90	50	7	6	22	1	0	

Scenario: 2; Probability: 0.04

Distribution_Center_ID	X_Coordinate	Y_Coordinate	Demand_Commodity1_Quantity	Demand_Commodity2_Quantity	Demand_Commodity3_Quantity	
6	23	61	598	561	82	
7	72	72	623	607	170	

Customer_ID	X_Coordinate	Y_Coordinate	Closest_DC	Second_Closest_DC	Demand_Commodity1_Quantity	Demand_Commodity2_Quantity	Demand_Commodity3_Quantity	
8	45	68	6	7	72	110	16	
9	65	62	7	6	63	151	25	
10	45	70	6	7	62	54	0	
11	65	60	7	6	52	58	0	
12	42	66	6	7	75	37	16	
13	68	64	7	6	63	43	12	
14	68	62	7	6	48	10	52	
15	68	65	7	6	46	17	26	
16	40	69	6	7	38	42	24	
17	40	66	6	7	30	50	0	
18	70	64	7	6	39	50	0	
19	38	68	6	7	45	58	0	
20	38	70	6	7	11	48	1	
21	72	60	7	6	16	63	1	
22	35	66	6	7	59	75	0	
23	75	64	7	6	69	43	0	
24	35	69	6	7	78	44	0	
25	75	61	7	6	59	49	0	
26	25	85	6	7	22	14	10	
27	85	45	7	6	22	9	11	
28	88	55	7	6	40	83	35	
29	22	85	6	7	42	26	15	
30	88	45	7	6	42	29	8	
31	20	80	6	7	64	3	0	
32	90	50	7	6	64	2	0	

Scenario: 3; Probability: 0.04

Distribution_Center_ID	X_Coordinate	Y_Coordinate	Demand_Commodity1_Quantity	Demand_Commodity2_Quantity	Demand_Commodity3_Quantity	
6	23	61	346	364	47	
7	72	72	372	331	84	

Customer_ID	X_Coordinate	Y_Coordinate	Closest_DC	Second_Closest_DC	Demand_Commodity1_Quantity	Demand_Commodity2_Quantity	Demand_Commodity3_Quantity	
8	45	68	6	7	44	66	9	
9	65	62	7	6	31	71	12	
10	45	70	6	7	40	42	0	
11	65	60	7	6	40	48	0	
12	42	66	6	7	46	31	9	
13	68	64	7	6	37	30	8	
14	68	62	7	6	30	8	24	
15	68	65	7	6	23	6	14	
16	40	69	6	7	22	19	13	
17	40	66	6	7	22	36	0	
18	70	64	7	6	15	28	0	
19	38	68	6	7	29	50	0	
20	38	70	6	7	7	24	1	
21	72	60	7	6	10	28	1	
22	35	66	6	7	25	36	0	
23	75	64	7	6	45	20	0	
24	35	69	6	7	45	31	0	
25	75	61	7	6	31	28	0	
26	25	85	6	7	14	9	6	
27	85	45	7	6	13	7	7	
28	88	55	7	6	20	41	13	
29	22	85	6	7	22	18	9	
30	88	45	7	6	34	15	5	
31	20	80	6	7	30	2	0	
32	90	50	7	6	43	1	0	

Scenario: 4; Probability: 0.04

Distribution_Center_ID	X_Coordinate	Y_Coordinate	Demand_Commodity1_Quantity	Demand_Commodity2_Quantity	Demand_Commodity3_Quantity	
6	23	61	202	187	35	
7	72	72	216	184	50	

Customer_ID	X_Coordinate	Y_Coordinate	Closest_DC	Second_Closest_DC	Demand_Commodity1_Quantity	Demand_Commodity2_Quantity	Demand_Commodity3_Quantity	
8	45	68	6	7	21	41	7	
9	65	62	7	6	22	34	6	
10	45	70	6	7	25	19	0	
11	65	60	7	6	24	21	0	
12	42	66	6	7	25	12	6	
13	68	64	7	6	21	17	5	
14	68	62	7	6	15	4	13	
15	68	65	7	6	11	5	9	
16	40	69	6	7	16	9	11	
17	40	66	6	7	11	15	0	
18	70	64	7	6	13	20	0	
19	38	68	6	7	19	22	0	
20	38	70	6	7	5	20	1	
21	72	60	7	6	6	23	1	
22	35	66	6	7	16	18	0	
23	75	64	7	6	25	11	0	
24	35	69	6	7	20	15	0	
25	75	61	7	6	15	14	0	
26	25	85	6	7	8	4	5	
27	85	45	7	6	8	4	4	
28	88	55	7	6	12	18	8	
29	22	85	6	7	17	11	5	
30	88	45	7	6	19	12	4	
31	20	80	6	7	19	1	0	
32	90	50	7	6	25	1	0	

Scenario: 5; Probability: 0.04

Distribution_Center_ID	X_Coordinate	Y_Coordinate	Demand_Commodity1_Quantity	Demand_Commodity2_Quantity	Demand_Commodity3_Quantity	
6	23	61	629	613	80	
7	72	72	608	600	171	

Customer_ID	X_Coordinate	Y_Coordinate	Closest_DC	Second_Closest_DC	Demand_Commodity1_Quantity	Demand_Commodity2_Quantity	Demand_Commodity3_Quantity	
8	45	68	6	7	96	98	18	
9	65	62	7	6	80	145	28	
10	45	70	6	7	83	62	0	
11	65	60	7	6	53	75	0	
12	42	66	6	7	54	41	13	
13	68	64	7	6	57	39	14	
14	68	62	7	6	44	11	43	
15	68	65	7	6	33	11	22	
16	40	69	6	7	50	43	23	
17	40	66	6	7	33	61	0	
18	70	64	7	6	39	52	0	
19	38	68	6	7	53	80	0	
20	38	70	6	7	13	59	1	
21	72	60	7	6	14	68	1	
22	35	66	6	7	55	66	0	
23	75	64	7	6	50	48	0	
24	35	69	6	7	73	59	0	
25	75	61	7	6	55	46	0	
26	25	85	6	7	21	15	13	
27	85	45	7	6	29	13	17	
28	88	55	7	6	47	62	35	
29	22	85	6	7	48	27	12	
30	88	45	7	6	44	29	11	
31	20	80	6	7	50	2	0	
32	90	50	7	6	63	1	0	

Scenario: 6; Probability: 0.04

Distribution_Center_ID	X_Coordinate	Y_Coordinate	Demand_Commodity1_Quantity	Demand_Commodity2_Quantity	Demand_Commodity3_Quantity	
6	23	61	630	635	96	
7	72	72	608	575	156	

Customer_ID	X_Coordinate	Y_Coordinate	Closest_DC	Second_Closest_DC	Demand_Commodity1_Quantity	Demand_Commodity2_Quantity	Demand_Commodity3_Quantity	
8	45	68	6	7	80	149	22	
9	65	62	7	6	62	137	21	
10	45	70	6	7	76	52	0	
11	65	60	7	6	51	57	0	
12	42	66	6	7	64	42	18	
13	68	64	7	6	50	46	19	
14	68	62	7	6	62	10	39	
15	68	65	7	6	31	14	21	
16	40	69	6	7	37	39	26	
17	40	66	6	7	42	45	0	
18	70	64	7	6	33	45	0	
19	38	68	6	7	49	87	0	
20	38	70	6	7	10	55	2	
21	72	60	7	6	16	60	2	
22	35	66	6	7	47	62	0	
23	75	64	7	6	58	49	0	
24	35	69	6	7	93	59	0	
25	75	61	7	6	55	43	0	
26	25	85	6	7	28	13	10	
27	85	45	7	6	23	8	19	
28	88	55	7	6	50	69	24	
29	22	85	6	7	34	30	18	
30	88	45	7	6	46	36	11	
31	20	80	6	7	70	2	0	
32	90	50	7	6	71	1	0	

Scenario: 7; Probability: 0.04

Distribution_Center_ID	X_Coordinate	Y_Coordinate	Demand_Commodity1_Quantity	Demand_Commodity2_Quantity	Demand_Commodity3_Quantity	
6	23	61	483	494	63	
7	72	72	430	456	135	

Customer_ID	X_Coordinate	Y_Coordinate	Closest_DC	Second_Closest_DC	Demand_Commodity1_Quantity	Demand_Commodity2_Quantity	Demand_Commodity3_Quantity	
8	45	68	6	7	71	118	12	
9	65	62	7	6	43	108	20	
10	45	70	6	7	50	41	0	
11	65	60	7	6	36	61	0	
12	42	66	6	7	59	35	10	
13	68	64	7	6	47	38	13	
14	68	62	7	6	32	9	37	
15	68	65	7	6	25	8	21	
16	40	69	6	7	31	31	16	
17	40	66	6	7	25	51	0	
18	70	64	7	6	27	30	0	
19	38	68	6	7	35	67	0	
20	38	70	6	7	12	33	1	
21	72	60	7	6	9	51	1	
22	35	66	6	7	52	55	0	
23	75	64	7	6	37	29	0	
24	35	69	6	7	49	28	0	
25	75	61	7	6	34	31	0	
26	25	85	6	7	16	12	11	
27	85	45	7	6	16	9	14	
28	88	55	7	6	37	59	20	
29	22	85	6	7	32	20	13	
30	88	45	7	6	41	22	9	
31	20	80	6	7	51	3	0	
32	90	50	7	6	46	1	0	

Scenario: 8; Probability: 0.04

Distribution_Center_ID	X_Coordinate	Y_Coordinate	Demand_Commodity1_Quantity	Demand_Commodity2_Quantity	Demand_Commodity3_Quantity	
6	23	61	641	546	93	
7	72	72	565	546	158	

Customer_ID	X_Coordinate	Y_Coordinate	Closest_DC	Second_Closest_DC	Demand_Commodity1_Quantity	Demand_Commodity2_Quantity	Demand_Commodity3_Quantity	
8	45	68	6	7	71	116	16	
9	65	62	7	6	64	111	23	
10	45	70	6	7	83	59	0	
11	65	60	7	6	57	66	0	
12	42	66	6	7	62	37	12	
13	68	64	7	6	55	51	16	
14	68	62	7	6	42	9	49	
15	68	65	7	6	32	13	24	
16	40	69	6	7	54	31	34	
17	40	66	6	7	36	52	0	
18	70	64	7	6	39	61	0	
19	38	68	6	7	49	55	0	
20	38	70	6	7	16	61	2	
21	72	60	7	6	16	55	2	
22	35	66	6	7	57	48	0	
23	75	64	7	6	54	39	0	
24	35	69	6	7	78	44	0	
25	75	61	7	6	38	37	0	
26	25	85	6	7	21	12	14	
27	85	45	7	6	24	10	12	
28	88	55	7	6	43	57	23	
29	22	85	6	7	51	28	15	
30	88	45	7	6	49	35	9	
31	20	80	6	7	63	3	0	
32	90	50	7	6	52	2	0	

Scenario: 9; Probability: 0.04

Distribution_Center_ID	X_Coordinate	Y_Coordinate	Demand_Commodity1_Quantity	Demand_Commodity2_Quantity	Demand_Commodity3_Quantity	
6	23	61	568	593	85	
7	72	72	668	620	167	

Customer_ID	X_Coordinate	Y_Coordinate	Closest_DC	Second_Closest_DC	Demand_Commodity1_Quantity	Demand_Commodity2_Quantity	Demand_Commodity3_Quantity	
8	45	68	6	7	66	137	18	
9	65	62	7	6	83	135	26	
10	45	70	6	7	79	52	0	
11	65	60	7	6	78	80	0	
12	42	66	6	7	53	37	15	
13	68	64	7	6	58	43	15	
14	68	62	7	6	48	12	52	
15	68	65	7	6	40	14	22	
16	40	69	6	7	43	36	27	
17	40	66	6	7	30	63	0	
18	70	64	7	6	30	61	0	
19	38	68	6	7	40	62	0	
20	38	70	6	7	13	54	1	
21	72	60	7	6	13	81	1	
22	35	66	6	7	46	69	0	
23	75	64	7	6	78	38	0	
24	35	69	6	7	76	37	0	
25	75	61	7	6	46	47	0	
26	25	85	6	7	29	14	8	
27	85	45	7	6	29	9	11	
28	88	55	7	6	40	63	27	
29	22	85	6	7	43	30	16	
30	88	45	7	6	42	36	13	
31	20	80	6	7	50	2	0	
32	90	50	7	6	83	1	0	

Scenario: 10; Probability: 0.04

Distribution_Center_ID	X_Coordinate	Y_Coordinate	Demand_Commodity1_Quantity	Demand_Commodity2_Quantity	Demand_Commodity3_Quantity	
6	23	61	357	314	52	
7	72	72	334	313	85	

Customer_ID	X_Coordinate	Y_Coordinate	Closest_DC	Second_Closest_DC	Demand_Commodity1_Quantity	Demand_Commodity2_Quantity	Demand_Commodity3_Quantity	
8	45	68	6	7	49	67	12	
9	65	62	7	6	30	66	11	
10	45	70	6	7	47	40	0	
11	65	60	7	6	31	45	0	
12	42	66	6	7	38	20	8	
13	68	64	7	6	29	26	8	
14	68	62	7	6	26	6	24	
15	68	65	7	6	23	8	10	
16	40	69	6	7	26	20	15	
17	40	66	6	7	19	26	0	
18	70	64	7	6	17	25	0	
19	38	68	6	7	31	32	0	
20	38	70	6	7	6	30	1	
21	72	60	7	6	10	35	1	
22	35	66	6	7	34	25	0	
23	75	64	7	6	38	22	0	
24	35	69	6	7	40	27	0	
25	75	61	7	6	26	23	0	
26	25	85	6	7	11	6	8	
27	85	45	7	6	14	6	9	
28	88	55	7	6	25	32	17	
29	22	85	6	7	27	19	8	
30	88	45	7	6	30	18	5	
31	20	80	6	7	29	2	0	
32	90	50	7	6	35	1	0	

Scenario: 11; Probability: 0.04

Distribution_Center_ID	X_Coordinate	Y_Coordinate	Demand_Commodity1_Quantity	Demand_Commodity2_Quantity	Demand_Commodity3_Quantity	
6	23	61	524	493	81	
7	72	72	542	555	124	

Customer_ID	X_Coordinate	Y_Coordinate	Closest_DC	Second_Closest_DC	Demand_Commodity1_Quantity	Demand_Commodity2_Quantity	Demand_Commodity3_Quantity	
8	45	68	6	7	80	83	18	
9	65	62	7	6	63	128	16	
10	45	70	6	7	69	48	0	
11	65	60	7	6	51	73	0	
12	42	66	6	7	66	40	15	
13	68	64	7	6	42	40	13	
14	68	62	7	6	52	12	32	
15	68	65	7	6	26	14	16	
16	40	69	6	7	30	36	27	
17	40	66	6	7	33	61	0	
18	70	64	7	6	28	54	0	
19	38	68	6	7	38	61	0	
20	38	70	6	7	10	35	2	
21	72	60	7	6	15	46	1	
22	35	66	6	7	39	49	0	
23	75	64	7	6	63	42	0	
24	35	69	6	7	54	34	0	
25	75	61	7	6	46	39	0	
26	25	85	6	7	15	14	9	
27	85	45	7	6	21	9	16	
28	88	55	7	6	33	71	22	
29	22	85	6	7	34	30	10	
30	88	45	7	6	35	26	8	
31	20	80	6	7	56	2	0	
32	90	50	7	6	67	1	0	

Scenario: 12; Probability: 0.04

Distribution_Center_ID	X_Coordinate	Y_Coordinate	Demand_Commodity1_Quantity	Demand_Commodity2_Quantity	Demand_Commodity3_Quantity	
6	23	61	345	338	46	
7	72	72	348	323	83	

Customer_ID	X_Coordinate	Y_Coordinate	Closest_DC	Second_Closest_DC	Demand_Commodity1_Quantity	Demand_Commodity2_Quantity	Demand_Commodity3_Quantity	
8	45	68	6	7	32	85	11	
9	65	62	7	6	34	60	10	
10	45	70	6	7	43	38	0	
11	65	60	7	6	35	44	0	
12	42	66	6	7	28	23	8	
13	68	64	7	6	23	28	9	
14	68	62	7	6	27	6	20	
15	68	65	7	6	26	9	13	
16	40	69	6	7	29	20	14	
17	40	66	6	7	23	28	0	
18	70	64	7	6	16	32	0	
19	38	68	6	7	30	30	0	
20	38	70	6	7	8	24	1	
21	72	60	7	6	11	42	1	
22	35	66	6	7	30	37	0	
23	75	64	7	6	39	18	0	
24	35	69	6	7	47	30	0	
25	75	61	7	6	33	23	0	
26	25	85	6	7	14	6	6	
27	85	45	7	6	11	6	9	
28	88	55	7	6	25	39	15	
29	22	85	6	7	29	15	6	
30	88	45	7	6	34	15	6	
31	20	80	6	7	32	2	0	
32	90	50	7	6	34	1	0	

Scenario: 13; Probability: 0.04

Distribution_Center_ID	X_Coordinate	Y_Coordinate	Demand_Commodity1_Quantity	Demand_Commodity2_Quantity	Demand_Commodity3_Quantity	
6	23	61	320	297	49	
7	72	72	335	283	82	

Customer_ID	X_Coordinate	Y_Coordinate	Closest_DC	Second_Closest_DC	Demand_Commodity1_Quantity	Demand_Commodity2_Quantity	Demand_Commodity3_Quantity	
8	45	68	6	7	44	67	8	
9	65	62	7	6	36	53	12	
10	45	70	6	7	33	31	0	
11	65	60	7	6	36	32	0	
12	42	66	6	7	33	18	9	
13	68	64	7	6	31	24	10	
14	68	62	7	6	26	5	19	
15	68	65	7	6	16	7	11	
16	40	69	6	7	28	19	17	
17	40	66	6	7	20	24	0	
18	70	64	7	6	19	27	0	
19	38	68	6	7	23	29	0	
20	38	70	6	7	6	27	1	
21	72	60	7	6	7	34	1	
22	35	66	6	7	34	25	0	
23	75	64	7	6	36	22	0	
24	35	69	6	7	40	28	0	
25	75	61	7	6	27	26	0	
26	25	85	6	7	11	8	5	
27	85	45	7	6	14	6	8	
28	88	55	7	6	23	34	14	
29	22	85	6	7	21	19	9	
30	88	45	7	6	26	12	7	
31	20	80	6	7	27	2	0	
32	90	50	7	6	38	1	0	

Scenario: 14; Probability: 0.04

Distribution_Center_ID	X_Coordinate	Y_Coordinate	Demand_Commodity1_Quantity	Demand_Commodity2_Quantity	Demand_Commodity3_Quantity	
6	23	61	639	635	90	
7	72	72	597	576	163	

Customer_ID	X_Coordinate	Y_Coordinate	Closest_DC	Second_Closest_DC	Demand_Commodity1_Quantity	Demand_Commodity2_Quantity	Demand_Commodity3_Quantity	
8	45	68	6	7	88	126	19	
9	65	62	7	6	66	122	20	
10	45	70	6	7	76	65	0	
11	65	60	7	6	57	61	0	
12	42	66	6	7	61	38	14	
13	68	64	7	6	52	50	13	
14	68	62	7	6	51	11	57	
15	68	65	7	6	29	14	19	
16	40	69	6	7	39	31	28	
17	40	66	6	7	28	51	0	
18	70	64	7	6	38	66	0	
19	38	68	6	7	53	81	0	
20	38	70	6	7	13	49	1	
21	72	60	7	6	13	59	1	
22	35	66	6	7	68	81	0	
23	75	64	7	6	50	37	0	
24	35	69	6	7	83	62	0	
25	75	61	7	6	61	40	0	
26	25	85	6	7	23	16	14	
27	85	45	7	6	21	9	13	
28	88	55	7	6	43	71	28	
29	22	85	6	7	38	32	14	
30	88	45	7	6	40	35	12	
31	20	80	6	7	69	3	0	
32	90	50	7	6	76	1	0	

Scenario: 15; Probability: 0.04

Distribution_Center_ID	X_Coordinate	Y_Coordinate	Demand_Commodity1_Quantity	Demand_Commodity2_Quantity	Demand_Commodity3_Quantity	
6	23	61	238	213	36	
7	72	72	226	204	61	

Customer_ID	X_Coordinate	Y_Coordinate	Closest_DC	Second_Closest_DC	Demand_Commodity1_Quantity	Demand_Commodity2_Quantity	Demand_Commodity3_Quantity	
8	45	68	6	7	33	38	8	
9	65	62	7	6	23	38	7	
10	45	70	6	7	27	25	0	
11	65	60	7	6	28	30	0	
12	42	66	6	7	24	14	6	
13	68	64	7	6	20	16	5	
14	68	62	7	6	14	4	18	
15	68	65	7	6	18	6	8	
16	40	69	6	7	18	15	10	
17	40	66	6	7	12	23	0	
18	70	64	7	6	14	15	0	
19	38	68	6	7	19	31	0	
20	38	70	6	7	5	15	1	
21	72	60	7	6	5	21	1	
22	35	66	6	7	27	19	0	
23	75	64	7	6	25	17	0	
24	35	69	6	7	34	17	0	
25	75	61	7	6	15	19	0	
26	25	85	6	7	9	6	5	
27	85	45	7	6	7	4	5	
28	88	55	7	6	16	20	13	
29	22	85	6	7	14	9	6	
30	88	45	7	6	20	13	4	
31	20	80	6	7	16	1	0	
32	90	50	7	6	21	1	0	

Scenario: 16; Probability: 0.04

Distribution_Center_ID	X_Coordinate	Y_Coordinate	Demand_Commodity1_Quantity	Demand_Commodity2_Quantity	Demand_Commodity3_Quantity	
6	23	61	260	303	46	
7	72	72	286	261	67	

Customer_ID	X_Coordinate	Y_Coordinate	Closest_DC	Second_Closest_DC	Demand_Commodity1_Quantity	Demand_Commodity2_Quantity	Demand_Commodity3_Quantity	
8	45	68	6	7	39	71	9	
9	65	62	7	6	38	43	9	
10	45	70	6	7	26	30	0	
11	65	60	7	6	30	35	0	
12	42	66	6	7	26	16	8	
13	68	64	7	6	21	18	7	
14	68	62	7	6	23	5	16	
15	68	65	7	6	14	7	9	
16	40	69	6	7	24	18	15	
17	40	66	6	7	13	31	0	
18	70	64	7	6	12	27	0	
19	38	68	6	7	19	40	0	
20	38	70	6	7	5	20	1	
21	72	60	7	6	6	31	1	
22	35	66	6	7	28	29	0	
23	75	64	7	6	29	19	0	
24	35	69	6	7	34	26	0	
25	75	61	7	6	27	22	0	
26	25	85	6	7	10	7	5	
27	85	45	7	6	10	6	6	
28	88	55	7	6	17	36	15	
29	22	85	6	7	16	14	8	
30	88	45	7	6	22	11	4	
31	20	80	6	7	20	1	0	
32	90	50	7	6	37	1	0	

Scenario: 17; Probability: 0.04

Distribution_Center_ID	X_Coordinate	Y_Coordinate	Demand_Commodity1_Quantity	Demand_Commodity2_Quantity	Demand_Commodity3_Quantity	
6	23	61	593	608	84	
7	72	72	643	548	154	

Customer_ID	X_Coordinate	Y_Coordinate	Closest_DC	Second_Closest_DC	Demand_Commodity1_Quantity	Demand_Commodity2_Quantity	Demand_Commodity3_Quantity	
8	45	68	6	7	72	116	16	
9	65	62	7	6	77	111	20	
10	45	70	6	7	55	73	0	
11	65	60	7	6	54	58	0	
12	42	66	6	7	57	51	12	
13	68	64	7	6	57	50	14	
14	68	62	7	6	42	12	46	
15	68	65	7	6	45	14	17	
16	40	69	6	7	42	26	27	
17	40	66	6	7	35	52	0	
18	70	64	7	6	36	59	0	
19	38	68	6	7	47	87	0	
20	38	70	6	7	9	51	2	
21	72	60	7	6	18	59	2	
22	35	66	6	7	61	66	0	
23	75	64	7	6	73	32	0	
24	35	69	6	7	94	42	0	
25	75	61	7	6	55	47	0	
26	25	85	6	7	19	13	14	
27	85	45	7	6	19	9	13	
28	88	55	7	6	45	62	29	
29	22	85	6	7	38	28	13	
30	88	45	7	6	53	33	13	
31	20	80	6	7	64	3	0	
32	90	50	7	6	69	2	0	

Scenario: 18; Probability: 0.04

Distribution_Center_ID	X_Coordinate	Y_Coordinate	Demand_Commodity1_Quantity	Demand_Commodity2_Quantity	Demand_Commodity3_Quantity	
6	23	61	200	195	34	
7	72	72	210	179	56	

Customer_ID	X_Coordinate	Y_Coordinate	Closest_DC	Second_Closest_DC	Demand_Commodity1_Quantity	Demand_Commodity2_Quantity	Demand_Commodity3_Quantity	
8	45	68	6	7	25	36	8	
9	65	62	7	6	26	43	6	
10	45	70	6	7	22	24	0	
11	65	60	7	6	19	17	0	
12	42	66	6	7	23	13	5	
13	68	64	7	6	18	18	5	
14	68	62	7	6	15	3	18	
15	68	65	7	6	14	4	7	
16	40	69	6	7	18	9	9	
17	40	66	6	7	10	16	0	
18	70	64	7	6	9	14	0	
19	38	68	6	7	14	28	0	
20	38	70	6	7	6	16	1	
21	72	60	7	6	5	22	1	
22	35	66	6	7	18	24	0	
23	75	64	7	6	18	11	0	
24	35	69	6	7	26	14	0	
25	75	61	7	6	20	14	0	
26	25	85	6	7	8	5	5	
27	85	45	7	6	9	4	5	
28	88	55	7	6	15	18	10	
29	22	85	6	7	15	9	6	
30	88	45	7	6	19	10	4	
31	20	80	6	7	15	1	0	
32	90	50	7	6	23	1	0	

Scenario: 19; Probability: 0.04

Distribution_Center_ID	X_Coordinate	Y_Coordinate	Demand_Commodity1_Quantity	Demand_Commodity2_Quantity	Demand_Commodity3_Quantity	
6	23	61	538	524	79	
7	72	72	531	512	133	

Customer_ID	X_Coordinate	Y_Coordinate	Closest_DC	Second_Closest_DC	Demand_Commodity1_Quantity	Demand_Commodity2_Quantity	Demand_Commodity3_Quantity	
8	45	68	6	7	55	100	17	
9	65	62	7	6	71	119	15	
10	45	70	6	7	72	62	0	
11	65	60	7	6	63	47	0	
12	42	66	6	7	69	42	10	
13	68	64	7	6	43	37	15	
14	68	62	7	6	33	10	36	
15	68	65	7	6	28	14	20	
16	40	69	6	7	40	27	26	
17	40	66	6	7	23	47	0	
18	70	64	7	6	24	40	0	
19	38	68	6	7	47	58	0	
20	38	70	6	7	11	48	2	
21	72	60	7	6	14	67	2	
22	35	66	6	7	55	55	0	
23	75	64	7	6	47	42	0	
24	35	69	6	7	64	46	0	
25	75	61	7	6	51	40	0	
26	25	85	6	7	16	9	10	
27	85	45	7	6	25	8	12	
28	88	55	7	6	32	64	24	
29	22	85	6	7	34	27	14	
30	88	45	7	6	38	22	9	
31	20	80	6	7	52	3	0	
32	90	50	7	6	62	2	0	

Scenario: 20; Probability: 0.04

Distribution_Center_ID	X_Coordinate	Y_Coordinate	Demand_Commodity1_Quantity	Demand_Commodity2_Quantity	Demand_Commodity3_Quantity	
6	23	61	219	231	33	
7	72	72	222	197	62	

Customer_ID	X_Coordinate	Y_Coordinate	Closest_DC	Second_Closest_DC	Demand_Commodity1_Quantity	Demand_Commodity2_Quantity	Demand_Commodity3_Quantity	
8	45	68	6	7	34	45	7	
9	65	62	7	6	25	41	8	
10	45	70	6	7	20	26	0	
11	65	60	7	6	22	22	0	
12	42	66	6	7	19	17	5	
13	68	64	7	6	24	17	6	
14	68	62	7	6	18	4	13	
15	68	65	7	6	11	5	10	
16	40	69	6	7	16	15	11	
17	40	66	6	7	11	24	0	
18	70	64	7	6	12	16	0	
19	38	68	6	7	18	22	0	
20	38	70	6	7	4	18	1	
21	72	60	7	6	7	22	1	
22	35	66	6	7	23	25	0	
23	75	64	7	6	19	13	0	
24	35	69	6	7	23	18	0	
25	75	61	7	6	16	14	0	
26	25	85	6	7	9	6	4	
27	85	45	7	6	8	5	6	
28	88	55	7	6	17	26	14	
29	22	85	6	7	19	13	5	
30	88	45	7	6	18	11	4	
31	20	80	6	7	23	2	0	
32	90	50	7	6	25	1	0	

Scenario: 21; Probability: 0.04

Distribution_Center_ID	X_Coordinate	Y_Coordinate	Demand_Commodity1_Quantity	Demand_Commodity2_Quantity	Demand_Commodity3_Quantity	
6	23	61	546	526	90	
7	72	72	576	515	168	

Customer_ID	X_Coordinate	Y_Coordinate	Closest_DC	Second_Closest_DC	Demand_Commodity1_Quantity	Demand_Commodity2_Quantity	Demand_Commodity3_Quantity	
8	45	68	6	7	58	112	20	
9	65	62	7	6	68	103	23	
10	45	70	6	7	58	53	0	
11	65	60	7	6	59	56	0	
12	42	66	6	7	74	32	12	
13	68	64	7	6	51	50	15	
14	68	62	7	6	43	8	44	
15	68	65	7	6	29	14	25	
16	40	69	6	7	38	33	29	
17	40	66	6	7	24	49	0	
18	70	64	7	6	24	50	0	
19	38	68	6	7	39	67	0	
20	38	70	6	7	12	53	2	
21	72	60	7	6	17	65	2	
22	35	66	6	7	62	51	0	
23	75	64	7	6	49	40	0	
24	35	69	6	7	64	37	0	
25	75	61	7	6	52	35	0	
26	25	85	6	7	19	10	12	
27	85	45	7	6	26	9	15	
28	88	55	7	6	45	53	34	
29	22	85	6	7	39	27	15	
30	88	45	7	6	41	30	10	
31	20	80	6	7	59	2	0	
32	90	50	7	6	72	2	0	

Scenario: 22; Probability: 0.04

Distribution_Center_ID	X_Coordinate	Y_Coordinate	Demand_Commodity1_Quantity	Demand_Commodity2_Quantity	Demand_Commodity3_Quantity	
6	23	61	362	380	62	
7	72	72	401	335	98	

Customer_ID	X_Coordinate	Y_Coordinate	Closest_DC	Second_Closest_DC	Demand_Commodity1_Quantity	Demand_Commodity2_Quantity	Demand_Commodity3_Quantity	
8	45	68	6	7	40	71	13	
9	65	62	7	6	37	64	11	
10	45	70	6	7	43	46	0	
11	65	60	7	6	48	39	0	
12	42	66	6	7	35	34	9	
13	68	64	7	6	41	30	10	
14	68	62	7	6	36	8	26	
15	68	65	7	6	25	8	16	
16	40	69	6	7	22	25	21	
17	40	66	6	7	25	36	0	
18	70	64	7	6	22	38	0	
19	38	68	6	7	35	38	0	
20	38	70	6	7	7	33	1	
21	72	60	7	6	11	41	1	
22	35	66	6	7	40	36	0	
23	75	64	7	6	36	20	0	
24	35	69	6	7	40	34	0	
25	75	61	7	6	34	20	0	
26	25	85	6	7	12	9	9	
27	85	45	7	6	17	6	9	
28	88	55	7	6	21	43	17	
29	22	85	6	7	24	16	9	
30	88	45	7	6	33	17	8	
31	20	80	6	7	39	2	0	
32	90	50	7	6	40	1	0	

Scenario: 23; Probability: 0.04

Distribution_Center_ID	X_Coordinate	Y_Coordinate	Demand_Commodity1_Quantity	Demand_Commodity2_Quantity	Demand_Commodity3_Quantity	
6	23	61	216	205	34	
7	72	72	201	204	56	

Customer_ID	X_Coordinate	Y_Coordinate	Closest_DC	Second_Closest_DC	Demand_Commodity1_Quantity	Demand_Commodity2_Quantity	Demand_Commodity3_Quantity	
8	45	68	6	7	31	49	8	
9	65	62	7	6	25	45	9	
10	45	70	6	7	21	24	0	
11	65	60	7	6	21	28	0	
12	42	66	6	7	26	16	5	
13	68	64	7	6	21	14	5	
14	68	62	7	6	17	4	18	
15	68	65	7	6	11	5	6	
16	40	69	6	7	17	12	10	
17	40	66	6	7	13	18	0	
18	70	64	7	6	10	14	0	
19	38	68	6	7	14	20	0	
20	38	70	6	7	5	13	1	
21	72	60	7	6	6	26	1	
22	35	66	6	7	19	21	0	
23	75	64	7	6	22	15	0	
24	35	69	6	7	23	18	0	
25	75	61	7	6	17	17	0	
26	25	85	6	7	7	5	4	
27	85	45	7	6	10	4	4	
28	88	55	7	6	10	20	9	
29	22	85	6	7	18	8	6	
30	88	45	7	6	13	11	4	
31	20	80	6	7	22	1	0	
32	90	50	7	6	18	1	0	

Scenario: 24; Probability: 0.04

Distribution_Center_ID	X_Coordinate	Y_Coordinate	Demand_Commodity1_Quantity	Demand_Commodity2_Quantity	Demand_Commodity3_Quantity	
6	23	61	551	567	90	
7	72	72	560	530	153	

Customer_ID	X_Coordinate	Y_Coordinate	Closest_DC	Second_Closest_DC	Demand_Commodity1_Quantity	Demand_Commodity2_Quantity	Demand_Commodity3_Quantity	
8	45	68	6	7	58	127	21	
9	65	62	7	6	77	97	25	
10	45	70	6	7	57	64	0	
11	65	60	7	6	52	72	0	
12	42	66	6	7	54	50	13	
13	68	64	7	6	45	52	12	
14	68	62	7	6	36	10	43	
15	68	65	7	6	38	13	21	
16	40	69	6	7	43	32	32	
17	40	66	6	7	39	51	0	
18	70	64	7	6	26	45	0	
19	38	68	6	7	53	62	0	
20	38	70	6	7	13	37	2	
21	72	60	7	6	14	74	2	
22	35	66	6	7	57	61	0	
23	75	64	7	6	57	44	0	
24	35	69	6	7	64	46	0	
25	75	61	7	6	39	34	0	
26	25	85	6	7	17	13	9	
27	85	45	7	6	21	9	15	
28	88	55	7	6	46	52	24	
29	22	85	6	7	51	21	13	
30	88	45	7	6	48	26	11	
31	20	80	6	7	45	3	0	
32	90	50	7	6	61	2	0	

Scenario: 25; Probability: 0.04

Distribution_Center_ID	X_Coordinate	Y_Coordinate	Demand_Commodity1_Quantity	Demand_Commodity2_Quantity	Demand_Commodity3_Quantity	
6	23	61	412	420	66	
7	72	72	414	364	123	

Customer_ID	X_Coordinate	Y_Coordinate	Closest_DC	Second_Closest_DC	Demand_Commodity1_Quantity	Demand_Commodity2_Quantity	Demand_Commodity3_Quantity	
8	45	68	6	7	61	108	16	
9	65	62	7	6	41	70	17	
10	45	70	6	7	44	50	0	
11	65	60	7	6	48	37	0	
12	42	66	6	7	40	36	12	
13	68	64	7	6	29	29	13	
14	68	62	7	6	41	7	34	
15	68	65	7	6	28	10	17	
16	40	69	6	7	24	27	19	
17	40	66	6	7	20	31	0	
18	70	64	7	6	18	38	0	
19	38	68	6	7	38	45	0	
20	38	70	6	7	8	28	1	
21	72	60	7	6	14	51	1	
22	35	66	6	7	37	36	0	
23	75	64	7	6	37	26	0	
24	35	69	6	7	64	27	0	
25	75	61	7	6	27	31	0	
26	25	85	6	7	19	8	8	
27	85	45	7	6	15	6	10	
28	88	55	7	6	25	36	23	
29	22	85	6	7	24	21	10	
30	88	45	7	6	39	21	8	
31	20	80	6	7	33	3	0	
32	90	50	7	6	52	2	0	

