Truck Capacity:	836


Travel_Time_Matrix (Suppliers, Distribution_Centers, Customers)
0	105	55	114	95	121	44	2147483647	2147483647	2147483647	2147483647	2147483647	2147483647	2147483647	2147483647	2147483647	2147483647	2147483647	2147483647	2147483647	2147483647	2147483647	2147483647	2147483647	2147483647	2147483647	2147483647	2147483647	2147483647	2147483647	2147483647	2147483647	
105	0	90	46	41	48	96	2147483647	2147483647	2147483647	2147483647	2147483647	2147483647	2147483647	2147483647	2147483647	2147483647	2147483647	2147483647	2147483647	2147483647	2147483647	2147483647	2147483647	2147483647	2147483647	2147483647	2147483647	2147483647	2147483647	2147483647	2147483647	
55	90	0	96	82	108	41	2147483647	2147483647	2147483647	2147483647	2147483647	2147483647	2147483647	2147483647	2147483647	2147483647	2147483647	2147483647	2147483647	2147483647	2147483647	2147483647	2147483647	2147483647	2147483647	2147483647	2147483647	2147483647	2147483647	2147483647	2147483647	
114	46	96	0	54	54	104	2147483647	2147483647	2147483647	2147483647	2147483647	2147483647	2147483647	2147483647	2147483647	2147483647	2147483647	2147483647	2147483647	2147483647	2147483647	2147483647	2147483647	2147483647	2147483647	2147483647	2147483647	2147483647	2147483647	2147483647	2147483647	
95	41	82	54	0	57	87	2147483647	2147483647	2147483647	2147483647	2147483647	2147483647	2147483647	2147483647	2147483647	2147483647	2147483647	2147483647	2147483647	2147483647	2147483647	2147483647	2147483647	2147483647	2147483647	2147483647	2147483647	2147483647	2147483647	2147483647	2147483647	
91	18	78	24	27	0	2147483647	49	63	51	61	45	68	66	68	47	44	70	45	47	70	41	76	45	74	64	80	87	64	84	58	88	
14	66	11	74	57	2147483647	0	37	25	36	28	42	22	24	20	43	44	22	46	45	27	50	23	49	26	60	51	41	64	52	66	48	
2147483647	2147483647	2147483647	2147483647	2147483647	79	67	0	58	33	59	35	61	62	61	37	38	64	40	40	68	44	70	44	71	65	91	90	68	95	67	94	
2147483647	2147483647	2147483647	2147483647	2147483647	93	55	58	0	59	33	61	35	34	36	65	64	38	67	68	40	70	44	71	44	91	65	62	95	68	94	67	
2147483647	2147483647	2147483647	2147483647	2147483647	81	66	33	59	0	60	37	62	63	62	37	39	64	40	40	69	45	71	44	72	63	93	91	67	96	66	95	
2147483647	2147483647	2147483647	2147483647	2147483647	91	58	59	33	60	0	62	37	35	38	66	64	39	68	69	40	71	45	72	44	93	63	62	96	67	95	66	
2147483647	2147483647	2147483647	2147483647	2147483647	75	72	35	61	37	62	0	65	65	65	35	33	68	36	38	71	40	74	41	75	64	94	93	67	97	65	97	
2147483647	2147483647	2147483647	2147483647	2147483647	98	52	61	35	62	37	65	0	33	32	68	68	33	70	71	38	74	40	75	41	94	64	59	97	67	97	65	
2147483647	2147483647	2147483647	2147483647	2147483647	96	54	62	34	63	35	65	33	0	34	69	68	34	71	71	36	74	40	75	40	95	62	58	98	65	98	64	
2147483647	2147483647	2147483647	2147483647	2147483647	98	50	61	36	62	38	65	32	34	0	68	67	33	70	71	39	74	40	74	41	93	65	60	97	68	97	66	
2147483647	2147483647	2147483647	2147483647	2147483647	77	73	37	65	37	66	35	68	69	68	0	34	71	33	33	74	38	77	37	78	59	98	96	62	101	61	101	
2147483647	2147483647	2147483647	2147483647	2147483647	74	74	38	64	39	64	33	68	68	67	34	0	70	34	36	73	37	77	38	77	62	96	95	65	100	63	100	
2147483647	2147483647	2147483647	2147483647	2147483647	100	52	64	38	64	39	68	33	34	33	71	70	0	73	73	36	77	37	77	38	96	62	57	100	65	100	63	
2147483647	2147483647	2147483647	2147483647	2147483647	75	76	40	67	40	68	36	70	71	70	33	34	73	0	33	77	35	80	35	80	59	100	99	61	103	59	103	
2147483647	2147483647	2147483647	2147483647	2147483647	77	75	40	68	40	69	38	71	71	71	33	36	73	33	0	77	37	80	35	81	57	101	99	59	104	58	104	
2147483647	2147483647	2147483647	2147483647	2147483647	100	57	68	40	69	40	71	38	36	39	74	73	36	77	77	0	80	37	81	35	101	57	53	104	59	104	58	
2147483647	2147483647	2147483647	2147483647	2147483647	71	80	44	70	45	71	40	74	74	74	38	37	77	35	37	80	0	83	34	84	59	102	102	61	106	58	106	
2147483647	2147483647	2147483647	2147483647	2147483647	106	53	70	44	71	45	74	40	40	40	77	77	37	80	80	37	83	0	84	34	102	59	51	106	61	106	58	
2147483647	2147483647	2147483647	2147483647	2147483647	75	79	44	71	44	72	41	75	75	74	37	38	77	35	35	81	34	84	0	84	55	104	103	58	107	55	107	
2147483647	2147483647	2147483647	2147483647	2147483647	104	56	71	44	72	44	75	41	40	41	78	77	38	80	81	35	84	34	84	0	104	55	49	107	58	107	55	
2147483647	2147483647	2147483647	2147483647	2147483647	94	90	65	91	63	93	64	94	95	93	59	62	96	59	57	101	59	102	55	104	0	126	123	34	129	40	128	
2147483647	2147483647	2147483647	2147483647	2147483647	110	81	91	65	93	63	94	64	62	65	98	96	62	100	101	57	102	59	104	55	126	0	44	129	34	128	40	
2147483647	2147483647	2147483647	2147483647	2147483647	117	71	90	62	91	62	93	59	58	60	96	95	57	99	99	53	102	51	103	49	123	44	0	126	44	126	38	
2147483647	2147483647	2147483647	2147483647	2147483647	94	94	68	95	67	96	67	97	98	97	62	65	100	61	59	104	61	106	58	107	34	129	126	0	132	38	131	
2147483647	2147483647	2147483647	2147483647	2147483647	114	82	95	68	96	67	97	67	65	68	101	100	65	103	104	59	106	61	107	58	129	34	44	132	0	131	38	
2147483647	2147483647	2147483647	2147483647	2147483647	88	96	67	94	66	95	65	97	98	97	61	63	100	59	58	104	58	106	55	107	40	128	126	38	131	0	131	
2147483647	2147483647	2147483647	2147483647	2147483647	118	78	94	67	95	66	97	65	64	66	101	100	63	103	104	58	106	58	107	55	128	40	38	131	38	131	0	


Supplier_ID	Closest_DC	Second_Closest_DC	Supply_Commodity1_Quantity	Supply_Commodity2_Quantity	Supply_Commodity3_Quantity
1	7	6	273	238	50
2	6	7	273	238	50
3	7	6	273	238	50
4	6	7	273	238	50
5	6	7	273	238	50	


Scenario: 1; Probability: 0.04

Distribution_Center_ID	Demand_Commodity1_Quantity	Demand_Commodity2_Quantity	Demand_Commodity3_Quantity
6	183	131	10
7	519	470	122

Customer_ID	Closest_DC	Second_Closest_DC	Demand_Commodity1_Quantity	Demand_Commodity2_Quantity	Demand_Commodity3_Quantity
8	7	6	39	60	14
9	7	6	46	57	10
10	7	6	41	52	0
11	7	6	46	37	0
12	7	6	41	15	8
13	7	6	28	20	9
14	7	6	41	6	17
15	7	6	23	8	15
16	7	6	26	23	14
17	6	7	21	27	0
18	7	6	23	18	0
19	6	7	38	42	0
20	7	6	6	26	1
21	7	6	9	37	1
22	6	7	27	24	0
23	7	6	27	26	0
24	6	7	46	24	0
25	7	6	32	26	0
26	7	6	12	8	6
27	7	6	11	8	7
28	7	6	22	26	13
29	6	7	23	12	10
30	7	6	21	16	7
31	6	7	28	2	0
32	7	6	25	1	0	

Scenario: 2; Probability: 0.04

Distribution_Center_ID	Demand_Commodity1_Quantity	Demand_Commodity2_Quantity	Demand_Commodity3_Quantity
6	176	150	8
7	506	452	130	

Customer_ID	Closest_DC	Second_Closest_DC	Demand_Commodity1_Quantity	Demand_Commodity2_Quantity	Demand_Commodity3_Quantity
8	7	6	46	45	11
9	7	6	42	61	12
10	7	6	45	43	0
11	7	6	32	46	0
12	7	6	43	16	8
13	7	6	30	20	9
14	7	6	33	5	20
15	7	6	16	9	18
16	7	6	17	18	17
17	6	7	19	34	0
18	7	6	27	17	0
19	6	7	26	45	0
20	7	6	9	27	1
21	7	6	7	31	1
22	6	7	28	30	0
23	7	6	29	25	0
24	6	7	48	27	0
25	7	6	37	28	0
26	7	6	10	8	7
27	7	6	12	7	6
28	7	6	21	30	13
29	6	7	24	12	8
30	7	6	21	15	7
31	6	7	31	2	0
32	7	6	29	1	0	

Scenario: 3; Probability: 0.04

Distribution_Center_ID	Demand_Commodity1_Quantity	Demand_Commodity2_Quantity	Demand_Commodity3_Quantity
6	240	180	10
7	656	573	165	

Customer_ID	Closest_DC	Second_Closest_DC	Demand_Commodity1_Quantity	Demand_Commodity2_Quantity	Demand_Commodity3_Quantity
8	7	6	59	68	12
9	7	6	44	78	19
10	7	6	57	47	0
11	7	6	51	61	0
12	7	6	47	26	11
13	7	6	46	21	9
14	7	6	46	6	30
15	7	6	24	10	17
16	7	6	26	25	23
17	6	7	30	41	0
18	7	6	31	22	0
19	6	7	45	52	0
20	7	6	10	27	1
21	7	6	9	36	1
22	6	7	33	35	0
23	7	6	30	37	0
24	6	7	57	30	0
25	7	6	57	38	0
26	7	6	12	9	7
27	7	6	17	10	11
28	7	6	21	31	16
29	6	7	23	20	10
30	7	6	37	20	8
31	6	7	52	2	0
32	7	6	32	1	0	

Scenario: 4; Probability: 0.04

Distribution_Center_ID	Demand_Commodity1_Quantity	Demand_Commodity2_Quantity	Demand_Commodity3_Quantity
6	274	237	11
7	827	761	189	

Customer_ID	Closest_DC	Second_Closest_DC	Demand_Commodity1_Quantity	Demand_Commodity2_Quantity	Demand_Commodity3_Quantity
8	7	6	69	99	15
9	7	6	71	85	22
10	7	6	57	79	0
11	7	6	69	91	0
12	7	6	63	30	9
13	7	6	38	31	12
14	7	6	51	9	26
15	7	6	40	10	24
16	7	6	30	30	19
17	6	7	33	58	0
18	7	6	31	39	0
19	6	7	59	63	0
20	7	6	14	29	2
21	7	6	12	42	2
22	6	7	36	48	0
23	7	6	40	35	0
24	6	7	60	45	0
25	7	6	69	46	0
26	7	6	22	12	13
27	7	6	19	10	13
28	7	6	33	58	22
29	6	7	30	21	11
30	7	6	42	25	10
31	6	7	56	2	0
32	7	6	57	1	0	

Scenario: 5; Probability: 0.04

Distribution_Center_ID	Demand_Commodity1_Quantity	Demand_Commodity2_Quantity	Demand_Commodity3_Quantity
6	367	249	15
7	982	926	228	

Customer_ID	Closest_DC	Second_Closest_DC	Demand_Commodity1_Quantity	Demand_Commodity2_Quantity	Demand_Commodity3_Quantity
8	7	6	87	110	22
9	7	6	86	142	20
10	7	6	74	98	0
11	7	6	66	88	0
12	7	6	61	23	15
13	7	6	61	29	15
14	7	6	88	8	33
15	7	6	46	16	23
16	7	6	45	41	31
17	6	7	46	66	0
18	7	6	34	50	0
19	6	7	66	61	0
20	7	6	13	52	1
21	7	6	17	61	1
22	6	7	52	44	0
23	7	6	53	45	0
24	6	7	79	56	0
25	7	6	61	52	0
26	7	6	21	15	11
27	7	6	20	9	11
28	7	6	40	61	30
29	6	7	43	20	15
30	7	6	61	25	15
31	6	7	81	2	0
32	7	6	48	1	0	

Scenario: 6; Probability: 0.04

Distribution_Center_ID	Demand_Commodity1_Quantity	Demand_Commodity2_Quantity	Demand_Commodity3_Quantity
6	295	200	14
7	756	711	187

Customer_ID	Closest_DC	Second_Closest_DC	Demand_Commodity1_Quantity	Demand_Commodity2_Quantity	Demand_Commodity3_Quantity
8	7	6	49	72	17
9	7	6	53	80	17
10	7	6	80	83	0
11	7	6	60	87	0
12	7	6	45	23	9
13	7	6	49	32	14
14	7	6	53	8	34
15	7	6	28	13	17
16	7	6	30	30	29
17	6	7	39	49	0
18	7	6	36	26	0
19	6	7	56	55	0
20	7	6	12	29	2
21	7	6	15	58	2
22	6	7	49	37	0
23	7	6	42	47	0
24	6	7	63	33	0
25	7	6	60	40	0
26	7	6	20	12	11
27	7	6	18	11	11
28	7	6	28	40	16
29	6	7	29	24	14
30	7	6	42	18	8
31	6	7	59	2	0
32	7	6	36	2	0	

Scenario: 7; Probability: 0.04

Distribution_Center_ID	Demand_Commodity1_Quantity	Demand_Commodity2_Quantity	Demand_Commodity3_Quantity
6	337	266	16
7	1014	913	227

Customer_ID	Closest_DC	Second_Closest_DC	Demand_Commodity1_Quantity	Demand_Commodity2_Quantity	Demand_Commodity3_Quantity
8	7	6	63	92	21
9	7	6	96	140	24
10	7	6	107	109	0
11	7	6	68	73	0
12	7	6	81	25	13
13	7	6	67	41	12
14	7	6	63	7	40
15	7	6	44	14	25
16	7	6	37	43	34
17	6	7	60	67	0
18	7	6	47	42	0
19	6	7	46	88	0
20	7	6	12	49	1
21	7	6	13	64	1
22	6	7	61	45	0
23	7	6	58	38	0
24	6	7	80	36	0
25	7	6	82	54	0
26	7	6	17	12	16
27	7	6	18	12	10
28	7	6	43	68	19
29	6	7	37	27	16
30	7	6	46	29	11
31	6	7	53	3	0
32	7	6	52	1	0	

Scenario: 8; Probability: 0.04

Distribution_Center_ID	Demand_Commodity1_Quantity	Demand_Commodity2_Quantity	Demand_Commodity3_Quantity
6	207	169	9
7	591	515	143	

Customer_ID	Closest_DC	Second_Closest_DC	Demand_Commodity1_Quantity	Demand_Commodity2_Quantity	Demand_Commodity3_Quantity
8	7	6	44	72	11
9	7	6	52	77	15
10	7	6	59	51	0
11	7	6	55	41	0
12	7	6	45	23	8
13	7	6	34	16	7
14	7	6	34	5	25
15	7	6	21	8	17
16	7	6	19	21	17
17	6	7	30	35	0
18	7	6	31	25	0
19	6	7	42	50	0
20	7	6	10	26	1
21	7	6	9	30	1
22	6	7	27	32	0
23	7	6	24	34	0
24	6	7	55	30	0
25	7	6	40	23	0
26	7	6	15	7	9
27	7	6	15	8	7
28	7	6	20	29	18
29	6	7	23	20	9
30	7	6	35	18	7
31	6	7	30	2	0
32	7	6	29	1	0	

Scenario: 9; Probability: 0.04

Distribution_Center_ID	Demand_Commodity1_Quantity	Demand_Commodity2_Quantity	Demand_Commodity3_Quantity
6	352	300	13
7	1001	876	228	

Customer_ID	Closest_DC	Second_Closest_DC	Demand_Commodity1_Quantity	Demand_Commodity2_Quantity	Demand_Commodity3_Quantity
8	7	6	67	81	23
9	7	6	58	97	22
10	7	6	95	102	0
11	7	6	87	103	0
12	7	6	82	27	12
13	7	6	63	43	15
14	7	6	78	11	43
15	7	6	41	16	26
16	7	6	51	32	23
17	6	7	41	74	0
18	7	6	52	38	0
19	6	7	69	85	0
20	7	6	16	52	1
21	7	6	19	68	1
22	6	7	62	63	0
23	7	6	47	41	0
24	6	7	87	44	0
25	7	6	92	46	0
26	7	6	17	14	11
27	7	6	20	10	15
28	7	6	34	60	25
29	6	7	33	31	13
30	7	6	37	34	11
31	6	7	60	3	0
32	7	6	45	1	0	

Scenario: 10; Probability: 0.04

Distribution_Center_ID	Demand_Commodity1_Quantity	Demand_Commodity2_Quantity	Demand_Commodity3_Quantity
6	249	188	8
7	724	630	162

Customer_ID	Closest_DC	Second_Closest_DC	Demand_Commodity1_Quantity	Demand_Commodity2_Quantity	Demand_Commodity3_Quantity
8	7	6	53	76	18
9	7	6	46	94	12
10	7	6	62	60	0
11	7	6	64	48	0
12	7	6	46	26	11
13	7	6	44	23	11
14	7	6	58	6	22
15	7	6	32	11	23
16	7	6	34	23	18
17	6	7	40	40	0
18	7	6	31	36	0
19	6	7	46	58	0
20	7	6	10	26	1
21	7	6	14	51	1
22	6	7	45	35	0
23	7	6	40	39	0
24	6	7	55	36	0
25	7	6	58	28	0
26	7	6	19	10	8
27	7	6	12	8	9
28	7	6	29	43	21
29	6	7	26	17	8
30	7	6	33	20	7
31	6	7	37	2	0
32	7	6	39	2	0	

Scenario: 11; Probability: 0.04

Distribution_Center_ID	Demand_Commodity1_Quantity	Demand_Commodity2_Quantity	Demand_Commodity3_Quantity
6	105	93	5
7	325	303	79

Customer_ID	Closest_DC	Second_Closest_DC	Demand_Commodity1_Quantity	Demand_Commodity2_Quantity	Demand_Commodity3_Quantity
8	7	6	21	39	7
9	7	6	20	33	8
10	7	6	23	27	0
11	7	6	29	36	0
12	7	6	26	12	4
13	7	6	21	11	6
14	7	6	28	4	11
15	7	6	11	5	7
16	7	6	15	11	8
17	6	7	18	19	0
18	7	6	12	13	0
19	6	7	18	30	0
20	7	6	6	19	1
21	7	6	7	23	1
22	6	7	14	19	0
23	7	6	16	18	0
24	6	7	21	15	0
25	7	6	25	16	0
26	7	6	9	6	5
27	7	6	7	4	6
28	7	6	11	17	10
29	6	7	13	9	5
30	7	6	16	8	5
31	6	7	21	1	0
32	7	6	22	1	0	

Scenario: 12; Probability: 0.04

Distribution_Center_ID	Demand_Commodity1_Quantity	Demand_Commodity2_Quantity	Demand_Commodity3_Quantity
6	149	126	7
7	396	356	100

Customer_ID	Closest_DC	Second_Closest_DC	Demand_Commodity1_Quantity	Demand_Commodity2_Quantity	Demand_Commodity3_Quantity
8	7	6	24	32	10
9	7	6	33	47	10
10	7	6	33	39	0
11	7	6	32	41	0
12	7	6	25	12	6
13	7	6	20	13	7
14	7	6	26	4	15
15	7	6	16	6	9
16	7	6	20	18	12
17	6	7	21	27	0
18	7	6	18	20	0
19	6	7	28	40	0
20	7	6	6	20	1
21	7	6	7	19	1
22	6	7	22	27	0
23	7	6	24	18	0
24	6	7	25	17	0
25	7	6	35	18	0
26	7	6	10	6	6
27	7	6	10	6	6
28	7	6	12	25	12
29	6	7	20	13	7
30	7	6	18	11	5
31	6	7	33	2	0
32	7	6	27	1	0	

Scenario: 13; Probability: 0.04

Distribution_Center_ID	Demand_Commodity1_Quantity	Demand_Commodity2_Quantity	Demand_Commodity3_Quantity
6	133	106	7
7	396	346	98	

Customer_ID	Closest_DC	Second_Closest_DC	Demand_Commodity1_Quantity	Demand_Commodity2_Quantity	Demand_Commodity3_Quantity
8	7	6	37	47	9
9	7	6	27	39	9
10	7	6	34	37	0
11	7	6	32	40	0
12	7	6	22	11	5
13	7	6	21	16	7
14	7	6	27	3	14
15	7	6	17	6	13
16	7	6	20	14	14
17	6	7	18	19	0
18	7	6	20	13	0
19	6	7	18	34	0
20	7	6	7	18	1
21	7	6	9	26	1
22	6	7	18	20	0
23	7	6	20	18	0
24	6	7	35	20	0
25	7	6	34	17	0
26	7	6	7	5	5
27	7	6	10	5	6
28	7	6	15	17	9
29	6	7	12	12	7
30	7	6	16	13	5
31	6	7	32	1	0
32	7	6	21	1	0	

Scenario: 14; Probability: 0.04

Distribution_Center_ID	Demand_Commodity1_Quantity	Demand_Commodity2_Quantity	Demand_Commodity3_Quantity
6	332	300	15
7	1023	866	222

Customer_ID	Closest_DC	Second_Closest_DC	Demand_Commodity1_Quantity	Demand_Commodity2_Quantity	Demand_Commodity3_Quantity
8	7	6	70	102	19
9	7	6	85	125	18
10	7	6	99	98	0
11	7	6	87	76	0
12	7	6	74	25	13
13	7	6	45	28	11
14	7	6	87	8	41
15	7	6	42	12	30
16	7	6	41	36	28
17	6	7	46	72	0
18	7	6	40	45	0
19	6	7	56	91	0
20	7	6	12	36	1
21	7	6	17	75	1
22	6	7	59	50	0
23	7	6	65	53	0
24	6	7	57	59	0
25	7	6	69	45	0
26	7	6	24	14	12
27	7	6	23	10	10
28	7	6	39	54	27
29	6	7	38	25	15
30	7	6	57	23	11
31	6	7	76	3	0
32	7	6	47	1	0	

Scenario: 15; Probability: 0.04

Distribution_Center_ID	Demand_Commodity1_Quantity	Demand_Commodity2_Quantity	Demand_Commodity3_Quantity
6	107	87	6
7	326	282	82	

Customer_ID	Closest_DC	Second_Closest_DC	Demand_Commodity1_Quantity	Demand_Commodity2_Quantity	Demand_Commodity3_Quantity
8	7	6	22	37	8
9	7	6	31	39	9
10	7	6	27	29	0
11	7	6	28	23	0
12	7	6	27	11	4
13	7	6	17	11	6
14	7	6	28	4	12
15	7	6	15	5	11
16	7	6	11	10	10
17	6	7	16	16	0
18	7	6	13	12	0
19	6	7	21	26	0
20	7	6	5	16	1
21	7	6	5	18	1
22	6	7	18	20	0
23	7	6	17	13	0
24	6	7	22	16	0
25	7	6	22	13	0
26	7	6	9	4	5
27	7	6	9	5	4
28	7	6	11	23	7
29	6	7	11	8	6
30	7	6	13	8	4
31	6	7	19	1	0
32	7	6	16	1	0	

Scenario: 16; Probability: 0.04

Distribution_Center_ID	Demand_Commodity1_Quantity	Demand_Commodity2_Quantity	Demand_Commodity3_Quantity
6	193	139	11
7	572	492	133	

Customer_ID	Closest_DC	Second_Closest_DC	Demand_Commodity1_Quantity	Demand_Commodity2_Quantity	Demand_Commodity3_Quantity
8	7	6	50	48	12
9	7	6	48	73	10
10	7	6	62	46	0
11	7	6	44	42	0
12	7	6	43	21	6
13	7	6	28	19	9
14	7	6	39	7	20
15	7	6	24	8	16
16	7	6	24	20	21
17	6	7	23	25	0
18	7	6	26	21	0
19	6	7	41	37	0
20	7	6	7	24	1
21	7	6	9	34	1
22	6	7	31	35	0
23	7	6	35	30	0
24	6	7	35	22	0
25	7	6	38	30	0
26	7	6	10	7	9
27	7	6	10	6	7
28	7	6	17	38	13
29	6	7	18	18	11
30	7	6	26	17	8
31	6	7	45	2	0
32	7	6	32	1	0	

Scenario: 17; Probability: 0.04

Distribution_Center_ID	Demand_Commodity1_Quantity	Demand_Commodity2_Quantity	Demand_Commodity3_Quantity
6	116	79	5
7	322	287	86	

Customer_ID	Closest_DC	Second_Closest_DC	Demand_Commodity1_Quantity	Demand_Commodity2_Quantity	Demand_Commodity3_Quantity
8	7	6	29	25	8
9	7	6	22	43	8
10	7	6	29	23	0
11	7	6	20	28	0
12	7	6	18	12	6
13	7	6	18	9	4
14	7	6	19	3	13
15	7	6	12	5	11
16	7	6	12	12	12
17	6	7	17	17	0
18	7	6	14	17	0
19	6	7	16	23	0
20	7	6	4	17	1
21	7	6	6	20	1
22	6	7	16	14	0
23	7	6	18	15	0
24	6	7	26	15	0
25	7	6	29	13	0
26	7	6	9	5	5
27	7	6	9	5	4
28	7	6	13	23	9
29	6	7	15	9	5
30	7	6	19	11	4
31	6	7	26	1	0
32	7	6	22	1	0	

Scenario: 18; Probability: 0.04

Distribution_Center_ID	Demand_Commodity1_Quantity	Demand_Commodity2_Quantity	Demand_Commodity3_Quantity
6	109	95	5
7	320	280	74

Customer_ID	Closest_DC	Second_Closest_DC	Demand_Commodity1_Quantity	Demand_Commodity2_Quantity	Demand_Commodity3_Quantity
8	7	6	30	38	7
9	7	6	23	43	6
10	7	6	24	22	0
11	7	6	19	30	0
12	7	6	25	9	5
13	7	6	17	9	6
14	7	6	20	4	12
15	7	6	15	5	8
16	7	6	17	13	9
17	6	7	12	20	0
18	7	6	16	11	0
19	6	7	17	30	0
20	7	6	5	15	1
21	7	6	4	20	1
22	6	7	20	20	0
23	7	6	19	13	0
24	6	7	27	16	0
25	7	6	22	15	0
26	7	6	9	5	4
27	7	6	9	4	4
28	7	6	13	15	7
29	6	7	14	8	5
30	7	6	12	8	4
31	6	7	19	1	0
32	7	6	21	1	0	

Scenario: 19; Probability: 0.04

Distribution_Center_ID	Demand_Commodity1_Quantity	Demand_Commodity2_Quantity	Demand_Commodity3_Quantity
6	277	209	15
7	898	745	217	

Customer_ID	Closest_DC	Second_Closest_DC	Demand_Commodity1_Quantity	Demand_Commodity2_Quantity	Demand_Commodity3_Quantity
8	7	6	77	67	21
9	7	6	62	93	20
10	7	6	89	71	0
11	7	6	77	78	0
12	7	6	77	25	15
13	7	6	38	27	11
14	7	6	54	7	32
15	7	6	36	10	24
16	7	6	40	38	30
17	6	7	35	51	0
18	7	6	42	41	0
19	6	7	56	61	0
20	7	6	15	44	1
21	7	6	15	67	2
22	6	7	39	38	0
23	7	6	52	36	0
24	6	7	63	38	0
25	7	6	64	41	0
26	7	6	22	10	15
27	7	6	17	11	12
28	7	6	36	56	25
29	6	7	37	18	15
30	7	6	44	21	9
31	6	7	47	3	0
32	7	6	41	2	0	

Scenario: 20; Probability: 0.04

Distribution_Center_ID	Demand_Commodity1_Quantity	Demand_Commodity2_Quantity	Demand_Commodity3_Quantity
6	297	225	16
7	921	809	204

Customer_ID	Closest_DC	Second_Closest_DC	Demand_Commodity1_Quantity	Demand_Commodity2_Quantity	Demand_Commodity3_Quantity
8	7	6	73	85	14
9	7	6	75	134	22
10	7	6	85	91	0
11	7	6	80	74	0
12	7	6	54	35	10
13	7	6	62	31	10
14	7	6	71	9	30
15	7	6	28	13	19
16	7	6	30	29	32
17	6	7	52	47	0
18	7	6	31	36	0
19	6	7	61	56	0
20	7	6	16	42	2
21	7	6	18	44	2
22	6	7	49	57	0
23	7	6	49	42	0
24	6	7	50	36	0
25	7	6	70	38	0
26	7	6	24	12	15
27	7	6	24	11	14
28	7	6	36	58	21
29	6	7	30	26	16
30	7	6	43	23	13
31	6	7	55	3	0
32	7	6	52	2	0	

Scenario: 21; Probability: 0.04

Distribution_Center_ID	Demand_Commodity1_Quantity	Demand_Commodity2_Quantity	Demand_Commodity3_Quantity
6	291	246	12
7	937	773	196	

Customer_ID	Closest_DC	Second_Closest_DC	Demand_Commodity1_Quantity	Demand_Commodity2_Quantity	Demand_Commodity3_Quantity
8	7	6	65	88	20
9	7	6	63	106	23
10	7	6	81	98	0
11	7	6	60	81	0
12	7	6	71	33	12
13	7	6	56	23	16
14	7	6	75	6	30
15	7	6	34	12	20
16	7	6	41	27	20
17	6	7	38	53	0
18	7	6	43	31	0
19	6	7	50	67	0
20	7	6	12	41	1
21	7	6	18	43	2
22	6	7	41	57	0
23	7	6	56	48	0
24	6	7	58	44	0
25	7	6	82	42	0
26	7	6	16	14	10
27	7	6	19	11	11
28	7	6	35	46	20
29	6	7	41	22	12
30	7	6	46	21	11
31	6	7	63	3	0
32	7	6	64	2	0	

Scenario: 22; Probability: 0.04

Distribution_Center_ID	Demand_Commodity1_Quantity	Demand_Commodity2_Quantity	Demand_Commodity3_Quantity
6	375	254	15
7	969	820	222	

Customer_ID	Closest_DC	Second_Closest_DC	Demand_Commodity1_Quantity	Demand_Commodity2_Quantity	Demand_Commodity3_Quantity
8	7	6	81	81	19
9	7	6	57	136	20
10	7	6	89	68	0
11	7	6	68	102	0
12	7	6	71	27	12
13	7	6	60	38	16
14	7	6	78	8	40
15	7	6	36	13	25
16	7	6	45	32	27
17	6	7	54	57	0
18	7	6	41	33	0
19	6	7	69	75	0
20	7	6	16	43	1
21	7	6	20	49	1
22	6	7	46	55	0
23	7	6	60	39	0
24	6	7	86	35	0
25	7	6	73	38	0
26	7	6	17	11	14
27	7	6	26	11	12
28	7	6	26	62	23
29	6	7	45	29	15
30	7	6	57	27	12
31	6	7	75	3	0
32	7	6	48	2	0	

Scenario: 23; Probability: 0.04

Distribution_Center_ID	Demand_Commodity1_Quantity	Demand_Commodity2_Quantity	Demand_Commodity3_Quantity
6	172	124	8
7	538	458	124

Customer_ID	Closest_DC	Second_Closest_DC	Demand_Commodity1_Quantity	Demand_Commodity2_Quantity	Demand_Commodity3_Quantity
8	7	6	42	40	12
9	7	6	47	74	10
10	7	6	44	57	0
11	7	6	40	35	0
12	7	6	45	19	6
13	7	6	33	20	6
14	7	6	32	6	18
15	7	6	23	7	16
16	7	6	25	23	16
17	6	7	20	23	0
18	7	6	19	20	0
19	6	7	34	40	0
20	7	6	6	19	1
21	7	6	9	32	1
22	6	7	33	27	0
23	7	6	32	20	0
24	6	7	40	20	0
25	7	6	34	29	0
26	7	6	12	8	8
27	7	6	14	8	9
28	7	6	20	28	15
29	6	7	19	12	8
30	7	6	26	12	6
31	6	7	26	2	0
32	7	6	35	1	0	

Scenario: 24; Probability: 0.04

Distribution_Center_ID	Demand_Commodity1_Quantity	Demand_Commodity2_Quantity	Demand_Commodity3_Quantity
6	309	240	13
7	827	703	207

Customer_ID	Closest_DC	Second_Closest_DC	Demand_Commodity1_Quantity	Demand_Commodity2_Quantity	Demand_Commodity3_Quantity
8	7	6	72	95	22
9	7	6	81	77	23
10	7	6	85	77	0
11	7	6	52	58	0
12	7	6	56	23	12
13	7	6	46	23	10
14	7	6	59	9	27
15	7	6	39	12	19
16	7	6	29	28	30
17	6	7	35	50	0
18	7	6	34	36	0
19	6	7	55	77	0
20	7	6	14	29	2
21	7	6	12	60	2
22	6	7	55	42	0
23	7	6	40	38	0
24	6	7	72	43	0
25	7	6	67	36	0
26	7	6	15	13	11
27	7	6	22	12	13
28	7	6	23	51	26
29	6	7	34	25	13
30	7	6	38	24	10
31	6	7	58	3	0
32	7	6	43	2	0	

Scenario: 25; Probability: 0.04

Distribution_Center_ID	Demand_Commodity1_Quantity	Demand_Commodity2_Quantity	Demand_Commodity3_Quantity
6	275	252	12
7	953	856	198	

Customer_ID	Closest_DC	Second_Closest_DC	Demand_Commodity1_Quantity	Demand_Commodity2_Quantity	Demand_Commodity3_Quantity
8	7	6	66	105	16
9	7	6	84	129	15
10	7	6	95	78	0
11	7	6	82	93	0
12	7	6	80	31	15
13	7	6	56	37	11
14	7	6	57	7	29
15	7	6	42	12	26
16	7	6	41	41	29
17	6	7	42	45	0
18	7	6	37	37	0
19	6	7	46	76	0
20	7	6	11	49	2
21	7	6	17	43	1
22	6	7	36	53	0
23	7	6	45	42	0
24	6	7	64	52	0
25	7	6	84	50	0
26	7	6	21	12	12
27	7	6	20	9	15
28	7	6	29	52	19
29	6	7	42	23	12
30	7	6	39	27	8
31	6	7	45	3	0
32	7	6	47	2	0